0.2692307692307693 0.012820512820512822 0.012820512820512822 0.5256410256410257 0.012820512820512822 0.14102564102564105 0.012820512820512822 0.012820512820512822 
0.08467741935483872 0.004032258064516129 0.04435483870967742 0.48790322580645157 0.32661290322580644 0.04435483870967742 0.004032258064516129 0.004032258064516129 
0.35858585858585856 0.005050505050505051 0.05555555555555556 0.45959595959595956 0.005050505050505051 0.10606060606060606 0.005050505050505051 0.005050505050505051 
0.006329113924050633 0.006329113924050633 0.006329113924050633 0.7025316455696202 0.2594936708860759 0.006329113924050633 0.006329113924050633 0.006329113924050633 
0.009259259259259259 0.28703703703703703 0.009259259259259259 0.6574074074074073 0.009259259259259259 0.009259259259259259 0.009259259259259259 0.009259259259259259 
0.005050505050505051 0.005050505050505051 0.005050505050505051 0.9646464646464646 0.005050505050505051 0.005050505050505051 0.005050505050505051 0.005050505050505051 
0.003875968992248062 0.003875968992248062 0.003875968992248062 0.39147286821705424 0.003875968992248062 0.5852713178294573 0.003875968992248062 0.003875968992248062 
0.004807692307692308 0.004807692307692308 0.3413461538461538 0.43749999999999994 0.052884615384615384 0.14903846153846154 0.004807692307692308 0.004807692307692308 
0.34459459459459457 0.006756756756756757 0.006756756756756757 0.6148648648648648 0.006756756756756757 0.006756756756756757 0.006756756756756757 0.006756756756756757 
0.0078125 0.1640625 0.0078125 0.5546874999999999 0.0859375 0.1640625 0.0078125 0.0078125 
0.006756756756756757 0.07432432432432433 0.006756756756756757 0.8175675675675675 0.07432432432432433 0.006756756756756757 0.006756756756756757 0.006756756756756757 
0.005050505050505051 0.005050505050505051 0.005050505050505051 0.8636363636363636 0.005050505050505051 0.10606060606060606 0.005050505050505051 0.005050505050505051 
0.006756756756756757 0.006756756756756757 0.006756756756756757 0.8851351351351351 0.07432432432432433 0.006756756756756757 0.006756756756756757 0.006756756756756757 
0.0056179775280898875 0.0056179775280898875 0.0056179775280898875 0.7359550561797752 0.06179775280898877 0.17415730337078653 0.0056179775280898875 0.0056179775280898875 
0.20945945945945946 0.006756756756756757 0.006756756756756757 0.4121621621621621 0.006756756756756757 0.34459459459459457 0.006756756756756757 0.006756756756756757 
0.125 0.004032258064516129 0.004032258064516129 0.810483870967742 0.004032258064516129 0.04435483870967742 0.004032258064516129 0.004032258064516129 
0.00847457627118644 0.00847457627118644 0.00847457627118644 0.6864406779661016 0.00847457627118644 0.2627118644067796 0.00847457627118644 0.00847457627118644 
0.005319148936170213 0.005319148936170213 0.05851063829787234 0.4308510638297872 0.005319148936170213 0.324468085106383 0.005319148936170213 0.16489361702127658 
0.17415730337078653 0.0056179775280898875 0.0056179775280898875 0.7921348314606741 0.0056179775280898875 0.0056179775280898875 0.0056179775280898875 0.0056179775280898875 
0.14189189189189189 0.006756756756756757 0.006756756756756757 0.6824324324324323 0.006756756756756757 0.14189189189189189 0.006756756756756757 0.006756756756756757 
0.0859375 0.0078125 0.0078125 0.7109374999999999 0.0078125 0.1640625 0.0078125 0.0078125 
0.01020408163265306 0.01020408163265306 0.01020408163265306 0.6224489795918366 0.31632653061224486 0.01020408163265306 0.01020408163265306 0.01020408163265306 
0.11224489795918367 0.01020408163265306 0.01020408163265306 0.8265306122448979 0.01020408163265306 0.01020408163265306 0.01020408163265306 0.01020408163265306 
0.5112359550561797 0.0056179775280898875 0.0056179775280898875 0.45505617977528084 0.0056179775280898875 0.0056179775280898875 0.0056179775280898875 0.0056179775280898875 
0.37765957446808507 0.05851063829787234 0.005319148936170213 0.324468085106383 0.11170212765957446 0.005319148936170213 0.11170212765957446 0.005319148936170213 
0.004807692307692308 0.004807692307692308 0.004807692307692308 0.7259615384615384 0.19711538461538458 0.052884615384615384 0.004807692307692308 0.004807692307692308 
0.005952380952380952 0.005952380952380952 0.005952380952380952 0.8392857142857142 0.005952380952380952 0.125 0.005952380952380952 0.005952380952380952 
0.14903846153846154 0.004807692307692308 0.004807692307692308 0.8221153846153847 0.004807692307692308 0.004807692307692308 0.004807692307692308 0.004807692307692308 
0.3669354838709677 0.004032258064516129 0.004032258064516129 0.5282258064516129 0.004032258064516129 0.08467741935483872 0.004032258064516129 0.004032258064516129 
0.005050505050505051 0.005050505050505051 0.005050505050505051 0.9141414141414141 0.005050505050505051 0.05555555555555556 0.005050505050505051 0.005050505050505051 
0.520408163265306 0.01020408163265306 0.01020408163265306 0.4183673469387754 0.01020408163265306 0.01020408163265306 0.01020408163265306 0.01020408163265306 
0.009259259259259259 0.009259259259259259 0.009259259259259259 0.7499999999999999 0.10185185185185186 0.009259259259259259 0.10185185185185186 0.009259259259259259 
0.006756756756756757 0.006756756756756757 0.006756756756756757 0.9527027027027026 0.006756756756756757 0.006756756756756757 0.006756756756756757 0.006756756756756757 
0.0045871559633027525 0.0045871559633027525 0.0045871559633027525 0.9678899082568808 0.0045871559633027525 0.0045871559633027525 0.0045871559633027525 0.0045871559633027525 
0.0045871559633027525 0.0045871559633027525 0.0045871559633027525 0.9220183486238532 0.05045871559633028 0.0045871559633027525 0.0045871559633027525 0.0045871559633027525 
0.0045871559633027525 0.0045871559633027525 0.0045871559633027525 0.7844036697247707 0.0045871559633027525 0.18807339449541283 0.0045871559633027525 0.0045871559633027525 
0.06547619047619048 0.005952380952380952 0.005952380952380952 0.7202380952380952 0.005952380952380952 0.125 0.06547619047619048 0.005952380952380952 
0.007246376811594203 0.007246376811594203 0.007246376811594203 0.8043478260869564 0.07971014492753624 0.007246376811594203 0.07971014492753624 0.007246376811594203 
0.0056179775280898875 0.0056179775280898875 0.0056179775280898875 0.6235955056179775 0.0056179775280898875 0.3426966292134831 0.0056179775280898875 0.0056179775280898875 
0.38942307692307687 0.004807692307692308 0.004807692307692308 0.5336538461538461 0.004807692307692308 0.004807692307692308 0.004807692307692308 0.052884615384615384 
0.0056179775280898875 0.0056179775280898875 0.0056179775280898875 0.6797752808988764 0.17415730337078653 0.11797752808988764 0.0056179775280898875 0.0056179775280898875 
0.009259259259259259 0.009259259259259259 0.009259259259259259 0.7499999999999999 0.19444444444444445 0.009259259259259259 0.009259259259259259 0.009259259259259259 
0.01020408163265306 0.01020408163265306 0.01020408163265306 0.7244897959183673 0.01020408163265306 0.21428571428571427 0.01020408163265306 0.01020408163265306 
0.006329113924050633 0.006329113924050633 0.006329113924050633 0.8924050632911392 0.06962025316455696 0.006329113924050633 0.006329113924050633 0.006329113924050633 
0.006756756756756757 0.006756756756756757 0.006756756756756757 0.34459459459459457 0.5472972972972973 0.006756756756756757 0.07432432432432433 0.006756756756756757 
0.0078125 0.0078125 0.0078125 0.47656249999999994 0.1640625 0.0078125 0.0078125 0.32031249999999994 
0.004807692307692308 0.004807692307692308 0.004807692307692308 0.8221153846153847 0.004807692307692308 0.004807692307692308 0.14903846153846154 0.004807692307692308 
0.00847457627118644 0.00847457627118644 0.00847457627118644 0.9406779661016949 0.00847457627118644 0.00847457627118644 0.00847457627118644 0.00847457627118644 
0.0078125 0.0078125 0.0078125 0.9453124999999999 0.0078125 0.0078125 0.0078125 0.0078125 
0.0078125 0.0078125 0.0078125 0.5546874999999999 0.2421875 0.1640625 0.0078125 0.0078125 
0.00847457627118644 0.00847457627118644 0.00847457627118644 0.43220338983050843 0.09322033898305085 0.09322033898305085 0.09322033898305085 0.2627118644067796 
0.01020408163265306 0.01020408163265306 0.01020408163265306 0.8265306122448979 0.11224489795918367 0.01020408163265306 0.01020408163265306 0.01020408163265306 
0.00847457627118644 0.00847457627118644 0.00847457627118644 0.5169491525423728 0.43220338983050843 0.00847457627118644 0.00847457627118644 0.00847457627118644 
0.005952380952380952 0.005952380952380952 0.005952380952380952 0.9583333333333334 0.005952380952380952 0.005952380952380952 0.005952380952380952 0.005952380952380952 
0.01020408163265306 0.01020408163265306 0.01020408163265306 0.6224489795918366 0.01020408163265306 0.01020408163265306 0.01020408163265306 0.31632653061224486 
0.0078125 0.0078125 0.0078125 0.6328124999999999 0.32031249999999994 0.0078125 0.0078125 0.0078125 
0.00847457627118644 0.00847457627118644 0.00847457627118644 0.771186440677966 0.00847457627118644 0.17796610169491525 0.00847457627118644 0.00847457627118644 
0.007246376811594203 0.007246376811594203 0.007246376811594203 0.7318840579710144 0.007246376811594203 0.15217391304347827 0.007246376811594203 0.07971014492753624 
0.006329113924050633 0.006329113924050633 0.006329113924050633 0.7025316455696202 0.06962025316455696 0.006329113924050633 0.006329113924050633 0.1962025316455696 
0.00847457627118644 0.00847457627118644 0.00847457627118644 0.9406779661016949 0.00847457627118644 0.00847457627118644 0.00847457627118644 0.00847457627118644 
0.23033707865168537 0.7359550561797752 0.0056179775280898875 0.0056179775280898875 0.0056179775280898875 0.0056179775280898875 0.0056179775280898875 0.0056179775280898875 
0.005050505050505051 0.005050505050505051 0.005050505050505051 0.9646464646464646 0.005050505050505051 0.005050505050505051 0.005050505050505051 0.005050505050505051 
0.005319148936170213 0.6436170212765957 0.005319148936170213 0.2712765957446808 0.005319148936170213 0.05851063829787234 0.005319148936170213 0.005319148936170213 
0.005319148936170213 0.5904255319148936 0.005319148936170213 0.37765957446808507 0.005319148936170213 0.005319148936170213 0.005319148936170213 0.005319148936170213 
0.009259259259259259 0.009259259259259259 0.009259259259259259 0.8425925925925926 0.10185185185185186 0.009259259259259259 0.009259259259259259 0.009259259259259259 
0.0859375 0.0078125 0.0078125 0.5546874999999999 0.0078125 0.2421875 0.0078125 0.0859375 
0.005952380952380952 0.005952380952380952 0.005952380952380952 0.9583333333333334 0.005952380952380952 0.005952380952380952 0.005952380952380952 0.005952380952380952 
0.005319148936170213 0.05851063829787234 0.005319148936170213 0.6968085106382979 0.2180851063829787 0.005319148936170213 0.005319148936170213 0.005319148936170213 
0.10606060606060606 0.005050505050505051 0.005050505050505051 0.8131313131313131 0.005050505050505051 0.05555555555555556 0.005050505050505051 0.005050505050505051 
0.13025210084033614 0.8025210084033614 0.004201680672268907 0.004201680672268907 0.004201680672268907 0.046218487394957986 0.004201680672268907 0.004201680672268907 
0.10096153846153846 0.004807692307692308 0.004807692307692308 0.7259615384615384 0.004807692307692308 0.14903846153846154 0.004807692307692308 0.004807692307692308 
0.004807692307692308 0.004807692307692308 0.004807692307692308 0.9182692307692308 0.004807692307692308 0.052884615384615384 0.004807692307692308 0.004807692307692308 
0.0045871559633027525 0.0045871559633027525 0.0045871559633027525 0.9678899082568808 0.0045871559633027525 0.0045871559633027525 0.0045871559633027525 0.0045871559633027525 
0.005050505050505051 0.005050505050505051 0.005050505050505051 0.9646464646464646 0.005050505050505051 0.005050505050505051 0.005050505050505051 0.005050505050505051 
0.04263565891472868 0.08139534883720931 0.23643410852713176 0.3527131782945736 0.003875968992248062 0.003875968992248062 0.2751937984496124 0.003875968992248062 
0.11797752808988764 0.28651685393258425 0.0056179775280898875 0.5674157303370786 0.0056179775280898875 0.0056179775280898875 0.0056179775280898875 0.0056179775280898875 
0.005952380952380952 0.005952380952380952 0.005952380952380952 0.9583333333333334 0.005952380952380952 0.005952380952380952 0.005952380952380952 0.005952380952380952 
0.006329113924050633 0.006329113924050633 0.006329113924050633 0.8291139240506329 0.006329113924050633 0.13291139240506328 0.006329113924050633 0.006329113924050633 
0.0043859649122807015 0.0043859649122807015 0.0043859649122807015 0.9692982456140351 0.0043859649122807015 0.0043859649122807015 0.0043859649122807015 0.0043859649122807015 
0.6968085106382979 0.005319148936170213 0.005319148936170213 0.2180851063829787 0.005319148936170213 0.05851063829787234 0.005319148936170213 0.005319148936170213 
0.0043859649122807015 0.0043859649122807015 0.0043859649122807015 0.9254385964912281 0.0043859649122807015 0.048245614035087724 0.0043859649122807015 0.0043859649122807015 
0.10096153846153846 0.5817307692307692 0.004807692307692308 0.2932692307692307 0.004807692307692308 0.004807692307692308 0.004807692307692308 0.004807692307692308 
0.0056179775280898875 0.0056179775280898875 0.0056179775280898875 0.9606741573033708 0.0056179775280898875 0.0056179775280898875 0.0056179775280898875 0.0056179775280898875 
0.6392405063291139 0.006329113924050633 0.006329113924050633 0.2594936708860759 0.006329113924050633 0.06962025316455696 0.006329113924050633 0.006329113924050633 
0.006329113924050633 0.006329113924050633 0.006329113924050633 0.5759493670886076 0.006329113924050633 0.006329113924050633 0.13291139240506328 0.2594936708860759 
0.009259259259259259 0.009259259259259259 0.009259259259259259 0.9351851851851851 0.009259259259259259 0.009259259259259259 0.009259259259259259 0.009259259259259259 
0.01020408163265306 0.4183673469387754 0.01020408163265306 0.01020408163265306 0.01020408163265306 0.01020408163265306 0.31632653061224486 0.21428571428571427 
0.003875968992248062 0.003875968992248062 0.003875968992248062 0.8565891472868218 0.12015503875968993 0.003875968992248062 0.003875968992248062 0.003875968992248062 
0.0078125 0.0078125 0.0078125 0.5546874999999999 0.32031249999999994 0.0078125 0.0078125 0.0859375 
0.00847457627118644 0.00847457627118644 0.00847457627118644 0.43220338983050843 0.09322033898305085 0.43220338983050843 0.00847457627118644 0.00847457627118644 
0.0034722222222222225 0.0034722222222222225 0.0034722222222222225 0.90625 0.0034722222222222225 0.03819444444444445 0.0034722222222222225 0.03819444444444445 
0.34745762711864403 0.00847457627118644 0.00847457627118644 0.6016949152542372 0.00847457627118644 0.00847457627118644 0.00847457627118644 0.00847457627118644 
0.0043859649122807015 0.0043859649122807015 0.0043859649122807015 0.35526315789473684 0.0043859649122807015 0.6184210526315789 0.0043859649122807015 0.0043859649122807015 
0.020833333333333336 0.020833333333333336 0.020833333333333336 0.43750000000000006 0.43750000000000006 0.020833333333333336 0.020833333333333336 0.020833333333333336 
0.007246376811594203 0.007246376811594203 0.007246376811594203 0.8043478260869564 0.007246376811594203 0.15217391304347827 0.007246376811594203 0.007246376811594203 
0.009259259259259259 0.009259259259259259 0.009259259259259259 0.7499999999999999 0.19444444444444445 0.009259259259259259 0.009259259259259259 0.009259259259259259 
0.009259259259259259 0.009259259259259259 0.009259259259259259 0.8425925925925926 0.10185185185185186 0.009259259259259259 0.009259259259259259 0.009259259259259259 
0.005050505050505051 0.005050505050505051 0.005050505050505051 0.712121212121212 0.005050505050505051 0.25757575757575757 0.005050505050505051 0.005050505050505051 
0.005319148936170213 0.005319148936170213 0.05851063829787234 0.37765957446808507 0.005319148936170213 0.5372340425531914 0.005319148936170213 0.005319148936170213 
0.006329113924050633 0.006329113924050633 0.006329113924050633 0.9556962025316456 0.006329113924050633 0.006329113924050633 0.006329113924050633 0.006329113924050633 
0.0078125 0.0078125 0.0078125 0.7109374999999999 0.2421875 0.0078125 0.0078125 0.0078125 
0.06962025316455696 0.006329113924050633 0.006329113924050633 0.8291139240506329 0.006329113924050633 0.06962025316455696 0.006329113924050633 0.006329113924050633 
0.005319148936170213 0.005319148936170213 0.005319148936170213 0.324468085106383 0.4308510638297872 0.2180851063829787 0.005319148936170213 0.005319148936170213 
0.003875968992248062 0.003875968992248062 0.003875968992248062 0.6627906976744187 0.003875968992248062 0.313953488372093 0.003875968992248062 0.003875968992248062 
0.005952380952380952 0.005952380952380952 0.005952380952380952 0.8988095238095237 0.06547619047619048 0.005952380952380952 0.005952380952380952 0.005952380952380952 
0.009259259259259259 0.009259259259259259 0.009259259259259259 0.5648148148148148 0.28703703703703703 0.10185185185185186 0.009259259259259259 0.009259259259259259 
0.006329113924050633 0.006329113924050633 0.006329113924050633 0.3227848101265822 0.006329113924050633 0.1962025316455696 0.1962025316455696 0.2594936708860759 
0.06962025316455696 0.13291139240506328 0.006329113924050633 0.5759493670886076 0.006329113924050633 0.13291139240506328 0.006329113924050633 0.06962025316455696 
0.0078125 0.0078125 0.0078125 0.8671874999999999 0.0078125 0.0859375 0.0078125 0.0078125 
0.052884615384615384 0.004807692307692308 0.004807692307692308 0.9182692307692308 0.004807692307692308 0.004807692307692308 0.004807692307692308 0.004807692307692308 
0.007246376811594203 0.007246376811594203 0.007246376811594203 0.7318840579710144 0.007246376811594203 0.2246376811594203 0.007246376811594203 0.007246376811594203 
0.005319148936170213 0.005319148936170213 0.005319148936170213 0.75 0.005319148936170213 0.2180851063829787 0.005319148936170213 0.005319148936170213 
0.009259259259259259 0.009259259259259259 0.009259259259259259 0.7499999999999999 0.009259259259259259 0.10185185185185186 0.10185185185185186 0.009259259259259259 
0.005319148936170213 0.005319148936170213 0.005319148936170213 0.4840425531914893 0.005319148936170213 0.4840425531914893 0.005319148936170213 0.005319148936170213 
0.007246376811594203 0.007246376811594203 0.007246376811594203 0.7318840579710144 0.007246376811594203 0.2246376811594203 0.007246376811594203 0.007246376811594203 
0.005952380952380952 0.005952380952380952 0.005952380952380952 0.9583333333333334 0.005952380952380952 0.005952380952380952 0.005952380952380952 0.005952380952380952 
0.0056179775280898875 0.0056179775280898875 0.0056179775280898875 0.9606741573033708 0.0056179775280898875 0.0056179775280898875 0.0056179775280898875 0.0056179775280898875 
0.1640625 0.0078125 0.0078125 0.7109374999999999 0.0078125 0.0859375 0.0078125 0.0078125 
0.006756756756756757 0.006756756756756757 0.006756756756756757 0.5472972972972973 0.006756756756756757 0.20945945945945946 0.006756756756756757 0.20945945945945946 
0.006329113924050633 0.006329113924050633 0.006329113924050633 0.9556962025316456 0.006329113924050633 0.006329113924050633 0.006329113924050633 0.006329113924050633 
0.28651685393258425 0.28651685393258425 0.0056179775280898875 0.11797752808988764 0.06179775280898877 0.23033707865168537 0.0056179775280898875 0.0056179775280898875 
0.11797752808988764 0.28651685393258425 0.0056179775280898875 0.0056179775280898875 0.11797752808988764 0.45505617977528084 0.0056179775280898875 0.0056179775280898875 
0.005952380952380952 0.7202380952380952 0.005952380952380952 0.18452380952380953 0.005952380952380952 0.06547619047619048 0.005952380952380952 0.005952380952380952 
0.0045871559633027525 0.9678899082568808 0.0045871559633027525 0.0045871559633027525 0.0045871559633027525 0.0045871559633027525 0.0045871559633027525 0.0045871559633027525 
0.005319148936170213 0.37765957446808507 0.005319148936170213 0.005319148936170213 0.16489361702127658 0.4308510638297872 0.005319148936170213 0.005319148936170213 
0.13291139240506328 0.7025316455696202 0.006329113924050633 0.006329113924050633 0.006329113924050633 0.13291139240506328 0.006329113924050633 0.006329113924050633 
0.006756756756756757 0.47972972972972966 0.006756756756756757 0.006756756756756757 0.20945945945945946 0.277027027027027 0.006756756756756757 0.006756756756756757 
0.0078125 0.5546874999999999 0.0078125 0.0078125 0.0078125 0.39843749999999994 0.0078125 0.0078125 
0.00847457627118644 0.5169491525423728 0.00847457627118644 0.00847457627118644 0.00847457627118644 0.43220338983050843 0.00847457627118644 0.00847457627118644 
0.28703703703703703 0.6574074074074073 0.009259259259259259 0.009259259259259259 0.009259259259259259 0.009259259259259259 0.009259259259259259 0.009259259259259259 
0.0043859649122807015 0.5307017543859649 0.0043859649122807015 0.0043859649122807015 0.0043859649122807015 0.048245614035087724 0.0043859649122807015 0.3991228070175438 
0.005050505050505051 0.8131313131313131 0.005050505050505051 0.005050505050505051 0.005050505050505051 0.15656565656565657 0.005050505050505051 0.005050505050505051 
0.007246376811594203 0.9492753623188405 0.007246376811594203 0.007246376811594203 0.007246376811594203 0.007246376811594203 0.007246376811594203 0.007246376811594203 
0.0078125 0.9453124999999999 0.0078125 0.0078125 0.0078125 0.0078125 0.0078125 0.0078125 
0.0056179775280898875 0.5674157303370786 0.0056179775280898875 0.0056179775280898875 0.0056179775280898875 0.06179775280898877 0.0056179775280898875 0.3426966292134831 
0.005952380952380952 0.3630952380952381 0.005952380952380952 0.005952380952380952 0.06547619047619048 0.30357142857142855 0.005952380952380952 0.244047619047619 
0.0056179775280898875 0.0056179775280898875 0.0056179775280898875 0.9606741573033708 0.0056179775280898875 0.0056179775280898875 0.0056179775280898875 0.0056179775280898875 
0.005050505050505051 0.05555555555555556 0.005050505050505051 0.712121212121212 0.15656565656565657 0.05555555555555556 0.005050505050505051 0.005050505050505051 
0.006329113924050633 0.13291139240506328 0.3227848101265822 0.06962025316455696 0.06962025316455696 0.38607594936708856 0.006329113924050633 0.006329113924050633 
0.11797752808988764 0.848314606741573 0.0056179775280898875 0.0056179775280898875 0.0056179775280898875 0.0056179775280898875 0.0056179775280898875 0.0056179775280898875 
0.0078125 0.47656249999999994 0.0078125 0.1640625 0.0078125 0.0078125 0.0078125 0.32031249999999994 
0.006756756756756757 0.4121621621621621 0.006756756756756757 0.006756756756756757 0.07432432432432433 0.20945945945945946 0.006756756756756757 0.277027027027027 
0.006329113924050633 0.8291139240506329 0.006329113924050633 0.006329113924050633 0.006329113924050633 0.13291139240506328 0.006329113924050633 0.006329113924050633 
0.5372340425531914 0.324468085106383 0.05851063829787234 0.005319148936170213 0.05851063829787234 0.005319148936170213 0.005319148936170213 0.005319148936170213 
0.14102564102564105 0.5256410256410257 0.012820512820512822 0.2692307692307693 0.012820512820512822 0.012820512820512822 0.012820512820512822 0.012820512820512822 
0.00847457627118644 0.2627118644067796 0.2627118644067796 0.34745762711864403 0.00847457627118644 0.00847457627118644 0.09322033898305085 0.00847457627118644 
0.005952380952380952 0.9583333333333334 0.005952380952380952 0.005952380952380952 0.005952380952380952 0.005952380952380952 0.005952380952380952 0.005952380952380952 
0.005952380952380952 0.9583333333333334 0.005952380952380952 0.005952380952380952 0.005952380952380952 0.005952380952380952 0.005952380952380952 0.005952380952380952 
0.31632653061224486 0.4183673469387754 0.01020408163265306 0.01020408163265306 0.01020408163265306 0.21428571428571427 0.01020408163265306 0.01020408163265306 
0.00847457627118644 0.34745762711864403 0.17796610169491525 0.00847457627118644 0.00847457627118644 0.43220338983050843 0.00847457627118644 0.00847457627118644 
0.006756756756756757 0.006756756756756757 0.006756756756756757 0.8851351351351351 0.006756756756756757 0.07432432432432433 0.006756756756756757 0.006756756756756757 
0.006756756756756757 0.006756756756756757 0.006756756756756757 0.9527027027027026 0.006756756756756757 0.006756756756756757 0.006756756756756757 0.006756756756756757 
0.18452380952380953 0.005952380952380952 0.005952380952380952 0.7202380952380952 0.005952380952380952 0.06547619047619048 0.005952380952380952 0.005952380952380952 
0.1640625 0.0078125 0.2421875 0.39843749999999994 0.0078125 0.1640625 0.0078125 0.0078125 
0.0056179775280898875 0.0056179775280898875 0.0056179775280898875 0.6797752808988764 0.0056179775280898875 0.06179775280898877 0.0056179775280898875 0.23033707865168537 
0.012820512820512822 0.5256410256410257 0.012820512820512822 0.39743589743589747 0.012820512820512822 0.012820512820512822 0.012820512820512822 0.012820512820512822 
0.007246376811594203 0.007246376811594203 0.007246376811594203 0.6594202898550724 0.007246376811594203 0.007246376811594203 0.007246376811594203 0.29710144927536225 
0.006756756756756757 0.006756756756756757 0.006756756756756757 0.9527027027027026 0.006756756756756757 0.006756756756756757 0.006756756756756757 0.006756756756756757 
0.3227848101265822 0.006329113924050633 0.006329113924050633 0.2594936708860759 0.006329113924050633 0.38607594936708856 0.006329113924050633 0.006329113924050633 
0.2692307692307693 0.012820512820512822 0.012820512820512822 0.6538461538461539 0.012820512820512822 0.012820512820512822 0.012820512820512822 0.012820512820512822 
0.00847457627118644 0.00847457627118644 0.00847457627118644 0.34745762711864403 0.00847457627118644 0.00847457627118644 0.00847457627118644 0.6016949152542372 
0.00847457627118644 0.00847457627118644 0.00847457627118644 0.9406779661016949 0.00847457627118644 0.00847457627118644 0.00847457627118644 0.00847457627118644 
0.45505617977528084 0.0056179775280898875 0.0056179775280898875 0.3426966292134831 0.0056179775280898875 0.0056179775280898875 0.17415730337078653 0.0056179775280898875 
0.005952380952380952 0.005952380952380952 0.005952380952380952 0.30357142857142855 0.005952380952380952 0.005952380952380952 0.005952380952380952 0.6607142857142857 
0.2594936708860759 0.006329113924050633 0.006329113924050633 0.6392405063291139 0.006329113924050633 0.06962025316455696 0.006329113924050633 0.006329113924050633 
0.06547619047619048 0.005952380952380952 0.005952380952380952 0.5416666666666666 0.005952380952380952 0.005952380952380952 0.3630952380952381 0.005952380952380952 
0.0056179775280898875 0.0056179775280898875 0.0056179775280898875 0.45505617977528084 0.0056179775280898875 0.5112359550561797 0.0056179775280898875 0.0056179775280898875 
0.00847457627118644 0.00847457627118644 0.00847457627118644 0.771186440677966 0.00847457627118644 0.17796610169491525 0.00847457627118644 0.00847457627118644 
0.37765957446808507 0.05851063829787234 0.005319148936170213 0.2712765957446808 0.05851063829787234 0.005319148936170213 0.16489361702127658 0.05851063829787234 
0.005050505050505051 0.005050505050505051 0.005050505050505051 0.6616161616161615 0.005050505050505051 0.30808080808080807 0.005050505050505051 0.005050505050505051 
0.012820512820512822 0.012820512820512822 0.012820512820512822 0.9102564102564102 0.012820512820512822 0.012820512820512822 0.012820512820512822 0.012820512820512822 
0.048245614035087724 0.0043859649122807015 0.0043859649122807015 0.8815789473684211 0.0043859649122807015 0.048245614035087724 0.0043859649122807015 0.0043859649122807015 
0.0043859649122807015 0.0043859649122807015 0.0043859649122807015 0.35526315789473684 0.6184210526315789 0.0043859649122807015 0.0043859649122807015 0.0043859649122807015 
0.006756756756756757 0.006756756756756757 0.006756756756756757 0.9527027027027026 0.006756756756756757 0.006756756756756757 0.006756756756756757 0.006756756756756757 
0.005050505050505051 0.005050505050505051 0.005050505050505051 0.8636363636363636 0.10606060606060606 0.005050505050505051 0.005050505050505051 0.005050505050505051 
0.007246376811594203 0.007246376811594203 0.007246376811594203 0.8043478260869564 0.007246376811594203 0.15217391304347827 0.007246376811594203 0.007246376811594203 
0.005952380952380952 0.005952380952380952 0.005952380952380952 0.6607142857142857 0.005952380952380952 0.06547619047619048 0.005952380952380952 0.244047619047619 
0.006756756756756757 0.006756756756756757 0.006756756756756757 0.8175675675675675 0.14189189189189189 0.006756756756756757 0.006756756756756757 0.006756756756756757 
0.011363636363636364 0.011363636363636364 0.011363636363636364 0.46590909090909083 0.125 0.011363636363636364 0.011363636363636364 0.35227272727272724 
0.006329113924050633 0.006329113924050633 0.006329113924050633 0.7025316455696202 0.2594936708860759 0.006329113924050633 0.006329113924050633 0.006329113924050633 
0.0043859649122807015 0.0043859649122807015 0.0043859649122807015 0.8377192982456141 0.13596491228070176 0.0043859649122807015 0.0043859649122807015 0.0043859649122807015 
0.006329113924050633 0.006329113924050633 0.006329113924050633 0.7658227848101266 0.006329113924050633 0.1962025316455696 0.006329113924050633 0.006329113924050633 
0.00847457627118644 0.00847457627118644 0.00847457627118644 0.6864406779661016 0.17796610169491525 0.09322033898305085 0.00847457627118644 0.00847457627118644 
0.005952380952380952 0.005952380952380952 0.005952380952380952 0.9583333333333334 0.005952380952380952 0.005952380952380952 0.005952380952380952 0.005952380952380952 
0.32031249999999994 0.0078125 0.0078125 0.6328124999999999 0.0078125 0.0078125 0.0078125 0.0078125 
0.007246376811594203 0.007246376811594203 0.007246376811594203 0.8768115942028984 0.007246376811594203 0.007246376811594203 0.007246376811594203 0.07971014492753624 
0.006329113924050633 0.006329113924050633 0.006329113924050633 0.3227848101265822 0.006329113924050633 0.6392405063291139 0.006329113924050633 0.006329113924050633 
0.012820512820512822 0.012820512820512822 0.012820512820512822 0.5256410256410257 0.2692307692307693 0.14102564102564105 0.012820512820512822 0.012820512820512822 
0.0078125 0.0078125 0.0078125 0.9453124999999999 0.0078125 0.0078125 0.0078125 0.0078125 
0.006329113924050633 0.006329113924050633 0.006329113924050633 0.9556962025316456 0.006329113924050633 0.006329113924050633 0.006329113924050633 0.006329113924050633 
0.7244897959183673 0.01020408163265306 0.01020408163265306 0.21428571428571427 0.01020408163265306 0.01020408163265306 0.01020408163265306 0.01020408163265306 
0.0078125 0.0078125 0.0078125 0.7890624999999999 0.1640625 0.0078125 0.0078125 0.0078125 
0.0056179775280898875 0.28651685393258425 0.06179775280898877 0.6235955056179775 0.0056179775280898875 0.0056179775280898875 0.0056179775280898875 0.0056179775280898875 
0.007246376811594203 0.007246376811594203 0.07971014492753624 0.29710144927536225 0.007246376811594203 0.5869565217391304 0.007246376811594203 0.007246376811594203 
0.0034722222222222225 0.0034722222222222225 0.0034722222222222225 0.7673611111111112 0.1076388888888889 0.1076388888888889 0.0034722222222222225 0.0034722222222222225 
0.004201680672268907 0.004201680672268907 0.004201680672268907 0.8445378151260504 0.004201680672268907 0.08823529411764706 0.046218487394957986 0.004201680672268907 
0.00847457627118644 0.09322033898305085 0.00847457627118644 0.6864406779661016 0.09322033898305085 0.09322033898305085 0.00847457627118644 0.00847457627118644 
0.0045871559633027525 0.0045871559633027525 0.0045871559633027525 0.6467889908256881 0.0045871559633027525 0.18807339449541283 0.0045871559633027525 0.14220183486238533 
0.2594936708860759 0.006329113924050633 0.006329113924050633 0.6392405063291139 0.006329113924050633 0.06962025316455696 0.006329113924050633 0.006329113924050633 
0.014705882352941178 0.014705882352941178 0.3088235294117647 0.4558823529411765 0.16176470588235295 0.014705882352941178 0.014705882352941178 0.014705882352941178 
0.005952380952380952 0.005952380952380952 0.005952380952380952 0.9583333333333334 0.005952380952380952 0.005952380952380952 0.005952380952380952 0.005952380952380952 
0.06179775280898877 0.0056179775280898875 0.0056179775280898875 0.848314606741573 0.0056179775280898875 0.06179775280898877 0.0056179775280898875 0.0056179775280898875 
0.005319148936170213 0.005319148936170213 0.005319148936170213 0.6968085106382979 0.005319148936170213 0.05851063829787234 0.005319148936170213 0.2180851063829787 
0.18452380952380953 0.005952380952380952 0.06547619047619048 0.7202380952380952 0.005952380952380952 0.005952380952380952 0.005952380952380952 0.005952380952380952 
0.011363636363636364 0.125 0.011363636363636364 0.35227272727272724 0.011363636363636364 0.011363636363636364 0.125 0.35227272727272724 
0.005319148936170213 0.005319148936170213 0.005319148936170213 0.9627659574468086 0.005319148936170213 0.005319148936170213 0.005319148936170213 0.005319148936170213 
0.006329113924050633 0.1962025316455696 0.006329113924050633 0.7658227848101266 0.006329113924050633 0.006329113924050633 0.006329113924050633 0.006329113924050633 
0.0056179775280898875 0.0056179775280898875 0.0056179775280898875 0.9044943820224719 0.0056179775280898875 0.06179775280898877 0.0056179775280898875 0.0056179775280898875 
0.125 0.011363636363636364 0.011363636363636364 0.6931818181818181 0.011363636363636364 0.125 0.011363636363636364 0.011363636363636364 
0.006329113924050633 0.006329113924050633 0.006329113924050633 0.9556962025316456 0.006329113924050633 0.006329113924050633 0.006329113924050633 0.006329113924050633 
0.007246376811594203 0.007246376811594203 0.007246376811594203 0.9492753623188405 0.007246376811594203 0.007246376811594203 0.007246376811594203 0.007246376811594203 
0.003875968992248062 0.003875968992248062 0.003875968992248062 0.7403100775193798 0.08139534883720931 0.003875968992248062 0.15891472868217052 0.003875968992248062 
0.005952380952380952 0.005952380952380952 0.18452380952380953 0.4821428571428571 0.005952380952380952 0.005952380952380952 0.30357142857142855 0.005952380952380952 
0.005319148936170213 0.005319148936170213 0.005319148936170213 0.9095744680851064 0.05851063829787234 0.005319148936170213 0.005319148936170213 0.005319148936170213 
0.00847457627118644 0.00847457627118644 0.00847457627118644 0.5169491525423728 0.00847457627118644 0.00847457627118644 0.43220338983050843 0.00847457627118644 
0.0045871559633027525 0.0045871559633027525 0.0045871559633027525 0.9678899082568808 0.0045871559633027525 0.0045871559633027525 0.0045871559633027525 0.0045871559633027525 
0.005952380952380952 0.005952380952380952 0.005952380952380952 0.9583333333333334 0.005952380952380952 0.005952380952380952 0.005952380952380952 0.005952380952380952 
0.05851063829787234 0.2180851063829787 0.005319148936170213 0.6968085106382979 0.005319148936170213 0.005319148936170213 0.005319148936170213 0.005319148936170213 
0.006756756756756757 0.006756756756756757 0.006756756756756757 0.47972972972972966 0.47972972972972966 0.006756756756756757 0.006756756756756757 0.006756756756756757 
0.004807692307692308 0.004807692307692308 0.004807692307692308 0.5817307692307692 0.3413461538461538 0.052884615384615384 0.004807692307692308 0.004807692307692308 
0.10606060606060606 0.25757575757575757 0.005050505050505051 0.611111111111111 0.005050505050505051 0.005050505050505051 0.005050505050505051 0.005050505050505051 
0.005050505050505051 0.005050505050505051 0.005050505050505051 0.30808080808080807 0.6616161616161615 0.005050505050505051 0.005050505050505051 0.005050505050505051 
0.005050505050505051 0.005050505050505051 0.005050505050505051 0.8131313131313131 0.15656565656565657 0.005050505050505051 0.005050505050505051 0.005050505050505051 
0.005952380952380952 0.005952380952380952 0.005952380952380952 0.3630952380952381 0.005952380952380952 0.005952380952380952 0.6011904761904762 0.005952380952380952 
0.0078125 0.0078125 0.0078125 0.47656249999999994 0.0078125 0.0078125 0.47656249999999994 0.0078125 
0.0078125 0.0078125 0.0078125 0.9453124999999999 0.0078125 0.0078125 0.0078125 0.0078125 
0.006329113924050633 0.006329113924050633 0.006329113924050633 0.4493670886075949 0.5126582278481012 0.006329113924050633 0.006329113924050633 0.006329113924050633 
0.052884615384615384 0.004807692307692308 0.004807692307692308 0.8221153846153847 0.004807692307692308 0.004807692307692308 0.10096153846153846 0.004807692307692308 
0.0056179775280898875 0.0056179775280898875 0.0056179775280898875 0.398876404494382 0.06179775280898877 0.0056179775280898875 0.5112359550561797 0.0056179775280898875 
0.004201680672268907 0.25630252100840334 0.08823529411764706 0.42436974789915966 0.004201680672268907 0.004201680672268907 0.21428571428571427 0.004201680672268907 
0.005952380952380952 0.005952380952380952 0.005952380952380952 0.9583333333333334 0.005952380952380952 0.005952380952380952 0.005952380952380952 0.005952380952380952 
0.005050505050505051 0.005050505050505051 0.005050505050505051 0.9141414141414141 0.05555555555555556 0.005050505050505051 0.005050505050505051 0.005050505050505051 
0.006329113924050633 0.1962025316455696 0.006329113924050633 0.4493670886075949 0.3227848101265822 0.006329113924050633 0.006329113924050633 0.006329113924050633 
0.10185185185185186 0.009259259259259259 0.009259259259259259 0.6574074074074073 0.009259259259259259 0.10185185185185186 0.009259259259259259 0.10185185185185186 
0.005319148936170213 0.2712765957446808 0.005319148936170213 0.324468085106383 0.37765957446808507 0.005319148936170213 0.005319148936170213 0.005319148936170213 
0.004201680672268907 0.004201680672268907 0.004201680672268907 0.8445378151260504 0.13025210084033614 0.004201680672268907 0.004201680672268907 0.004201680672268907 
0.28651685393258425 0.0056179775280898875 0.06179775280898877 0.5112359550561797 0.11797752808988764 0.0056179775280898875 0.0056179775280898875 0.0056179775280898875 
0.004807692307692308 0.004807692307692308 0.004807692307692308 0.43749999999999994 0.004807692307692308 0.004807692307692308 0.5336538461538461 0.004807692307692308 
0.43220338983050843 0.00847457627118644 0.00847457627118644 0.43220338983050843 0.00847457627118644 0.09322033898305085 0.00847457627118644 0.00847457627118644 
0.30357142857142855 0.005952380952380952 0.005952380952380952 0.4821428571428571 0.005952380952380952 0.005952380952380952 0.18452380952380953 0.005952380952380952 
0.005952380952380952 0.005952380952380952 0.005952380952380952 0.9583333333333334 0.005952380952380952 0.005952380952380952 0.005952380952380952 0.005952380952380952 
0.00847457627118644 0.00847457627118644 0.00847457627118644 0.9406779661016949 0.00847457627118644 0.00847457627118644 0.00847457627118644 0.00847457627118644 
0.009259259259259259 0.009259259259259259 0.009259259259259259 0.9351851851851851 0.009259259259259259 0.009259259259259259 0.009259259259259259 0.009259259259259259 
0.0078125 0.0078125 0.0078125 0.47656249999999994 0.0078125 0.1640625 0.0078125 0.32031249999999994 
0.007246376811594203 0.007246376811594203 0.007246376811594203 0.9492753623188405 0.007246376811594203 0.007246376811594203 0.007246376811594203 0.007246376811594203 
0.00847457627118644 0.00847457627118644 0.00847457627118644 0.34745762711864403 0.00847457627118644 0.00847457627118644 0.6016949152542372 0.00847457627118644 
0.006756756756756757 0.006756756756756757 0.006756756756756757 0.4121621621621621 0.5472972972972973 0.006756756756756757 0.006756756756756757 0.006756756756756757 
0.048245614035087724 0.0043859649122807015 0.0043859649122807015 0.8815789473684211 0.0043859649122807015 0.0043859649122807015 0.048245614035087724 0.0043859649122807015 
0.004032258064516129 0.004032258064516129 0.004032258064516129 0.9314516129032259 0.004032258064516129 0.04435483870967742 0.004032258064516129 0.004032258064516129 
0.007246376811594203 0.007246376811594203 0.007246376811594203 0.8043478260869564 0.007246376811594203 0.15217391304347827 0.007246376811594203 0.007246376811594203 
0.006756756756756757 0.006756756756756757 0.006756756756756757 0.8851351351351351 0.006756756756756757 0.07432432432432433 0.006756756756756757 0.006756756756756757 
