0.5472972972972973 0.006756756756756757 0.006756756756756757 0.006756756756756757 0.006756756756756757 0.006756756756756757 0.4121621621621621 0.006756756756756757 
0.7397540983606559 0.0020491803278688526 0.0020491803278688526 0.0020491803278688526 0.04303278688524591 0.16598360655737704 0.0020491803278688526 0.04303278688524591 
0.4664948453608248 0.0025773195876288664 0.0025773195876288664 0.054123711340206195 0.0025773195876288664 0.0025773195876288664 0.4664948453608248 0.0025773195876288664 
0.45779220779220775 0.06818181818181818 0.003246753246753247 0.003246753246753247 0.003246753246753247 0.003246753246753247 0.003246753246753247 0.45779220779220775 
0.9663461538461539 0.004807692307692308 0.004807692307692308 0.004807692307692308 0.004807692307692308 0.004807692307692308 0.004807692307692308 0.004807692307692308 
0.981958762886598 0.0025773195876288664 0.0025773195876288664 0.0025773195876288664 0.0025773195876288664 0.0025773195876288664 0.0025773195876288664 0.0025773195876288664 
0.27755905511811024 0.1594488188976378 0.0019685039370078744 0.0019685039370078744 0.0019685039370078744 0.0019685039370078744 0.5531496062992126 0.0019685039370078744 
0.34558823529411764 0.002450980392156863 0.2965686274509804 0.34558823529411764 0.002450980392156863 0.002450980392156863 0.002450980392156863 0.002450980392156863 
0.42013888888888884 0.0034722222222222225 0.0034722222222222225 0.0034722222222222225 0.0034722222222222225 0.0034722222222222225 0.5590277777777778 0.0034722222222222225 
0.6491935483870969 0.004032258064516129 0.004032258064516129 0.004032258064516129 0.004032258064516129 0.004032258064516129 0.32661290322580644 0.004032258064516129 
0.8368055555555556 0.0034722222222222225 0.0034722222222222225 0.0034722222222222225 0.0034722222222222225 0.0034722222222222225 0.0034722222222222225 0.1423611111111111 
0.981958762886598 0.0025773195876288664 0.0025773195876288664 0.0025773195876288664 0.0025773195876288664 0.0025773195876288664 0.0025773195876288664 0.0025773195876288664 
0.90625 0.0034722222222222225 0.0034722222222222225 0.0034722222222222225 0.0034722222222222225 0.0034722222222222225 0.0034722222222222225 0.07291666666666667 
0.7500000000000001 0.002873563218390805 0.002873563218390805 0.11781609195402298 0.002873563218390805 0.002873563218390805 0.002873563218390805 0.11781609195402298 
0.4895833333333333 0.0034722222222222225 0.0034722222222222225 0.28125 0.0034722222222222225 0.0034722222222222225 0.21180555555555552 0.0034722222222222225 
0.7807377049180328 0.0020491803278688526 0.0020491803278688526 0.0020491803278688526 0.0020491803278688526 0.0020491803278688526 0.2069672131147541 0.0020491803278688526 
0.35526315789473684 0.0043859649122807015 0.0043859649122807015 0.0043859649122807015 0.0043859649122807015 0.0043859649122807015 0.6184210526315789 0.0043859649122807015 
0.6005434782608696 0.0027173913043478264 0.0027173913043478264 0.3831521739130435 0.0027173913043478264 0.0027173913043478264 0.0027173913043478264 0.0027173913043478264 
0.692528735632184 0.002873563218390805 0.002873563218390805 0.002873563218390805 0.002873563218390805 0.002873563218390805 0.29022988505747127 0.002873563218390805 
0.6284722222222222 0.0034722222222222225 0.0034722222222222225 0.1423611111111111 0.0034722222222222225 0.0034722222222222225 0.21180555555555552 0.0034722222222222225 
0.7298387096774194 0.004032258064516129 0.004032258064516129 0.24596774193548385 0.004032258064516129 0.004032258064516129 0.004032258064516129 0.004032258064516129 
0.8563829787234043 0.005319148936170213 0.005319148936170213 0.005319148936170213 0.11170212765957446 0.005319148936170213 0.005319148936170213 0.005319148936170213 
0.75 0.005319148936170213 0.005319148936170213 0.005319148936170213 0.005319148936170213 0.005319148936170213 0.11170212765957446 0.11170212765957446 
0.5775862068965518 0.002873563218390805 0.002873563218390805 0.002873563218390805 0.002873563218390805 0.4051724137931035 0.002873563218390805 0.002873563218390805 
0.22010869565217392 0.0027173913043478264 0.0027173913043478264 0.0027173913043478264 0.22010869565217392 0.22010869565217392 0.328804347826087 0.0027173913043478264 
0.5416666666666667 0.002450980392156863 0.002450980392156863 0.002450980392156863 0.002450980392156863 0.002450980392156863 0.10049019607843138 0.34558823529411764 
0.7347560975609757 0.0030487804878048786 0.0030487804878048786 0.18597560975609756 0.0030487804878048786 0.0030487804878048786 0.0030487804878048786 0.06402439024390244 
0.7377450980392157 0.002450980392156863 0.002450980392156863 0.002450980392156863 0.002450980392156863 0.002450980392156863 0.24754901960784315 0.002450980392156863 
0.5348360655737705 0.0020491803278688526 0.0020491803278688526 0.08401639344262295 0.0020491803278688526 0.0020491803278688526 0.37090163934426235 0.0020491803278688526 
0.7242268041237114 0.0025773195876288664 0.0025773195876288664 0.0025773195876288664 0.0025773195876288664 0.0025773195876288664 0.2603092783505155 0.0025773195876288664 
0.005319148936170213 0.005319148936170213 0.4308510638297872 0.005319148936170213 0.005319148936170213 0.4308510638297872 0.11170212765957446 0.005319148936170213 
0.004807692307692308 0.004807692307692308 0.7740384615384616 0.004807692307692308 0.19711538461538458 0.004807692307692308 0.004807692307692308 0.004807692307692308 
0.0034722222222222225 0.0034722222222222225 0.90625 0.0034722222222222225 0.0034722222222222225 0.0034722222222222225 0.07291666666666667 0.0034722222222222225 
0.7967289719626169 0.0023364485981308414 0.0023364485981308414 0.0023364485981308414 0.0023364485981308414 0.0023364485981308414 0.0023364485981308414 0.18925233644859812 
0.0023364485981308414 0.0023364485981308414 0.6098130841121496 0.0023364485981308414 0.0023364485981308414 0.0023364485981308414 0.0023364485981308414 0.3761682242990655 
0.23598130841121495 0.0023364485981308414 0.6098130841121496 0.0023364485981308414 0.1425233644859813 0.0023364485981308414 0.0023364485981308414 0.0023364485981308414 
0.125 0.0030487804878048786 0.8567073170731708 0.0030487804878048786 0.0030487804878048786 0.0030487804878048786 0.0030487804878048786 0.0030487804878048786 
0.9738805970149254 0.0037313432835820895 0.0037313432835820895 0.0037313432835820895 0.0037313432835820895 0.0037313432835820895 0.0037313432835820895 0.0037313432835820895 
0.8649425287356323 0.002873563218390805 0.11781609195402298 0.002873563218390805 0.002873563218390805 0.002873563218390805 0.002873563218390805 0.002873563218390805 
0.002450980392156863 0.002450980392156863 0.590686274509804 0.002450980392156863 0.002450980392156863 0.39460784313725494 0.002450980392156863 0.002450980392156863 
0.002873563218390805 0.002873563218390805 0.692528735632184 0.002873563218390805 0.2327586206896552 0.060344827586206906 0.002873563218390805 0.002873563218390805 
0.9663461538461539 0.004807692307692308 0.004807692307692308 0.004807692307692308 0.004807692307692308 0.004807692307692308 0.004807692307692308 0.004807692307692308 
0.11170212765957446 0.005319148936170213 0.6436170212765957 0.005319148936170213 0.005319148936170213 0.005319148936170213 0.005319148936170213 0.2180851063829787 
0.3279220779220779 0.003246753246753247 0.6525974025974026 0.003246753246753247 0.003246753246753247 0.003246753246753247 0.003246753246753247 0.003246753246753247 
0.42013888888888884 0.0034722222222222225 0.0034722222222222225 0.0034722222222222225 0.4895833333333333 0.0034722222222222225 0.07291666666666667 0.0034722222222222225 
0.810483870967742 0.004032258064516129 0.004032258064516129 0.004032258064516129 0.004032258064516129 0.004032258064516129 0.004032258064516129 0.16532258064516128 
0.8848039215686275 0.002450980392156863 0.002450980392156863 0.002450980392156863 0.10049019607843138 0.002450980392156863 0.002450980392156863 0.002450980392156863 
0.09210526315789473 0.0043859649122807015 0.8815789473684211 0.0043859649122807015 0.0043859649122807015 0.0043859649122807015 0.0043859649122807015 0.0043859649122807015 
0.6491935483870969 0.16532258064516128 0.08467741935483872 0.004032258064516129 0.004032258064516129 0.004032258064516129 0.08467741935483872 0.004032258064516129 
0.48790322580645157 0.004032258064516129 0.24596774193548385 0.004032258064516129 0.24596774193548385 0.004032258064516129 0.004032258064516129 0.004032258064516129 
0.0043859649122807015 0.0043859649122807015 0.44298245614035087 0.2675438596491228 0.0043859649122807015 0.0043859649122807015 0.0043859649122807015 0.2675438596491228 
0.005319148936170213 0.005319148936170213 0.6436170212765957 0.005319148936170213 0.11170212765957446 0.11170212765957446 0.005319148936170213 0.11170212765957446 
0.7061403508771931 0.0043859649122807015 0.2675438596491228 0.0043859649122807015 0.0043859649122807015 0.0043859649122807015 0.0043859649122807015 0.0043859649122807015 
0.551829268292683 0.0030487804878048786 0.36890243902439024 0.0030487804878048786 0.0030487804878048786 0.0030487804878048786 0.0030487804878048786 0.06402439024390244 
0.005319148936170213 0.005319148936170213 0.75 0.005319148936170213 0.005319148936170213 0.005319148936170213 0.005319148936170213 0.2180851063829787 
0.407258064516129 0.004032258064516129 0.24596774193548385 0.004032258064516129 0.004032258064516129 0.004032258064516129 0.004032258064516129 0.32661290322580644 
0.0043859649122807015 0.0043859649122807015 0.7061403508771931 0.0043859649122807015 0.2675438596491228 0.0043859649122807015 0.0043859649122807015 0.0043859649122807015 
0.8992537313432836 0.0037313432835820895 0.0037313432835820895 0.0037313432835820895 0.0037313432835820895 0.0037313432835820895 0.0037313432835820895 0.07835820895522388 
0.7175324675324676 0.003246753246753247 0.003246753246753247 0.003246753246753247 0.262987012987013 0.003246753246753247 0.003246753246753247 0.003246753246753247 
0.9692982456140351 0.0043859649122807015 0.0043859649122807015 0.0043859649122807015 0.0043859649122807015 0.0043859649122807015 0.0043859649122807015 0.0043859649122807015 
0.002873563218390805 0.002873563218390805 0.8074712643678162 0.002873563218390805 0.002873563218390805 0.1752873563218391 0.002873563218390805 0.002873563218390805 
0.981958762886598 0.0025773195876288664 0.0025773195876288664 0.0025773195876288664 0.0025773195876288664 0.0025773195876288664 0.0025773195876288664 0.0025773195876288664 
0.6005434782608696 0.0027173913043478264 0.11141304347826086 0.0027173913043478264 0.0027173913043478264 0.27445652173913043 0.0027173913043478264 0.0027173913043478264 
0.4918478260869566 0.0027173913043478264 0.0027173913043478264 0.0027173913043478264 0.0027173913043478264 0.4918478260869566 0.0027173913043478264 0.0027173913043478264 
0.9663461538461539 0.004807692307692308 0.004807692307692308 0.004807692307692308 0.004807692307692308 0.004807692307692308 0.004807692307692308 0.004807692307692308 
0.48790322580645157 0.004032258064516129 0.004032258064516129 0.32661290322580644 0.08467741935483872 0.004032258064516129 0.08467741935483872 0.004032258064516129 
0.978658536585366 0.0030487804878048786 0.0030487804878048786 0.0030487804878048786 0.0030487804878048786 0.0030487804878048786 0.0030487804878048786 0.0030487804878048786 
0.7092391304347827 0.11141304347826086 0.0027173913043478264 0.0027173913043478264 0.0027173913043478264 0.1657608695652174 0.0027173913043478264 0.0027173913043478264 
0.827319587628866 0.0025773195876288664 0.1056701030927835 0.054123711340206195 0.0025773195876288664 0.0025773195876288664 0.0025773195876288664 0.0025773195876288664 
0.002136752136752137 0.002136752136752137 0.9850427350427351 0.002136752136752137 0.002136752136752137 0.002136752136752137 0.002136752136752137 0.002136752136752137 
0.982843137254902 0.002450980392156863 0.002450980392156863 0.002450980392156863 0.002450980392156863 0.002450980392156863 0.002450980392156863 0.002450980392156863 
0.9338235294117648 0.002450980392156863 0.002450980392156863 0.05147058823529412 0.002450980392156863 0.002450980392156863 0.002450980392156863 0.002450980392156863 
0.9836448598130842 0.0023364485981308414 0.0023364485981308414 0.0023364485981308414 0.0023364485981308414 0.0023364485981308414 0.0023364485981308414 0.0023364485981308414 
0.9304123711340208 0.0025773195876288664 0.0025773195876288664 0.0025773195876288664 0.0025773195876288664 0.0025773195876288664 0.0025773195876288664 0.054123711340206195 
0.35629921259842523 0.23818897637795275 0.12007874015748031 0.0019685039370078744 0.12007874015748031 0.1594488188976378 0.0019685039370078744 0.0019685039370078744 
0.8074712643678162 0.002873563218390805 0.11781609195402298 0.002873563218390805 0.002873563218390805 0.060344827586206906 0.002873563218390805 0.002873563218390805 
0.978658536585366 0.0030487804878048786 0.0030487804878048786 0.0030487804878048786 0.0030487804878048786 0.0030487804878048786 0.0030487804878048786 0.0030487804878048786 
0.8474025974025974 0.003246753246753247 0.003246753246753247 0.1331168831168831 0.003246753246753247 0.003246753246753247 0.003246753246753247 0.003246753246753247 
0.9843750000000001 0.0022321428571428575 0.0022321428571428575 0.0022321428571428575 0.0022321428571428575 0.0022321428571428575 0.0022321428571428575 0.0022321428571428575 
0.0027173913043478264 0.0027173913043478264 0.7092391304347827 0.0027173913043478264 0.0027173913043478264 0.27445652173913043 0.0027173913043478264 0.0027173913043478264 
0.9843750000000001 0.0022321428571428575 0.0022321428571428575 0.0022321428571428575 0.0022321428571428575 0.0022321428571428575 0.0022321428571428575 0.0022321428571428575 
0.002450980392156863 0.002450980392156863 0.982843137254902 0.002450980392156863 0.002450980392156863 0.002450980392156863 0.002450980392156863 0.002450980392156863 
0.9798850574712645 0.002873563218390805 0.002873563218390805 0.002873563218390805 0.002873563218390805 0.002873563218390805 0.002873563218390805 0.002873563218390805 
0.06818181818181818 0.003246753246753247 0.45779220779220775 0.1331168831168831 0.003246753246753247 0.003246753246753247 0.3279220779220779 0.003246753246753247 
0.5876623376623377 0.003246753246753247 0.1331168831168831 0.003246753246753247 0.003246753246753247 0.262987012987013 0.003246753246753247 0.003246753246753247 
0.9663461538461539 0.004807692307692308 0.004807692307692308 0.004807692307692308 0.004807692307692308 0.004807692307692308 0.004807692307692308 0.004807692307692308 
0.005319148936170213 0.005319148936170213 0.4308510638297872 0.005319148936170213 0.005319148936170213 0.4308510638297872 0.11170212765957446 0.005319148936170213 
0.986220472440945 0.0019685039370078744 0.0019685039370078744 0.0019685039370078744 0.0019685039370078744 0.0019685039370078744 0.0019685039370078744 0.0019685039370078744 
0.6491935483870969 0.004032258064516129 0.004032258064516129 0.004032258064516129 0.004032258064516129 0.004032258064516129 0.004032258064516129 0.32661290322580644 
0.2675438596491228 0.0043859649122807015 0.0043859649122807015 0.0043859649122807015 0.0043859649122807015 0.0043859649122807015 0.7061403508771931 0.0043859649122807015 
0.9876760563380282 0.0017605633802816904 0.0017605633802816904 0.0017605633802816904 0.0017605633802816904 0.0017605633802816904 0.0017605633802816904 0.0017605633802816904 
0.7061403508771931 0.0043859649122807015 0.0043859649122807015 0.0043859649122807015 0.0043859649122807015 0.2675438596491228 0.0043859649122807015 0.0043859649122807015 
0.4040178571428572 0.09151785714285714 0.0022321428571428575 0.4933035714285715 0.0022321428571428575 0.0022321428571428575 0.0022321428571428575 0.0022321428571428575 
0.9204545454545453 0.011363636363636364 0.011363636363636364 0.011363636363636364 0.011363636363636364 0.011363636363636364 0.011363636363636364 0.011363636363636364 
0.8992537313432836 0.0037313432835820895 0.0037313432835820895 0.07835820895522388 0.0037313432835820895 0.0037313432835820895 0.0037313432835820895 0.0037313432835820895 
0.5817307692307692 0.004807692307692308 0.004807692307692308 0.004807692307692308 0.004807692307692308 0.10096153846153846 0.004807692307692308 0.2932692307692307 
0.9663461538461539 0.004807692307692308 0.004807692307692308 0.004807692307692308 0.004807692307692308 0.004807692307692308 0.004807692307692308 0.004807692307692308 
0.7242268041237114 0.0025773195876288664 0.0025773195876288664 0.2603092783505155 0.0025773195876288664 0.0025773195876288664 0.0025773195876288664 0.0025773195876288664 
0.3831521739130435 0.0027173913043478264 0.0027173913043478264 0.5461956521739131 0.0027173913043478264 0.0027173913043478264 0.05706521739130435 0.0027173913043478264 
0.8474025974025974 0.003246753246753247 0.003246753246753247 0.003246753246753247 0.06818181818181818 0.003246753246753247 0.003246753246753247 0.06818181818181818 
0.5685483870967741 0.004032258064516129 0.004032258064516129 0.004032258064516129 0.407258064516129 0.004032258064516129 0.004032258064516129 0.004032258064516129 
0.9123376623376623 0.003246753246753247 0.003246753246753247 0.06818181818181818 0.003246753246753247 0.003246753246753247 0.003246753246753247 0.003246753246753247 
0.8179347826086958 0.0027173913043478264 0.0027173913043478264 0.05706521739130435 0.11141304347826086 0.0027173913043478264 0.0027173913043478264 0.0027173913043478264 
0.6712598425196851 0.0019685039370078744 0.0019685039370078744 0.31692913385826776 0.0019685039370078744 0.0019685039370078744 0.0019685039370078744 0.0019685039370078744 
0.7347560975609757 0.0030487804878048786 0.24695121951219512 0.0030487804878048786 0.0030487804878048786 0.0030487804878048786 0.0030487804878048786 0.0030487804878048786 
0.485576923076923 0.004807692307692308 0.004807692307692308 0.004807692307692308 0.004807692307692308 0.004807692307692308 0.004807692307692308 0.485576923076923 
0.39285714285714285 0.003246753246753247 0.003246753246753247 0.003246753246753247 0.5876623376623377 0.003246753246753247 0.003246753246753247 0.003246753246753247 
0.5876623376623377 0.003246753246753247 0.3279220779220779 0.06818181818181818 0.003246753246753247 0.003246753246753247 0.003246753246753247 0.003246753246753247 
0.9717741935483871 0.004032258064516129 0.004032258064516129 0.004032258064516129 0.004032258064516129 0.004032258064516129 0.004032258064516129 0.004032258064516129 
0.982843137254902 0.002450980392156863 0.002450980392156863 0.002450980392156863 0.002450980392156863 0.002450980392156863 0.002450980392156863 0.002450980392156863 
0.8992537313432836 0.0037313432835820895 0.0037313432835820895 0.0037313432835820895 0.0037313432835820895 0.0037313432835820895 0.07835820895522388 0.0037313432835820895 
0.8179347826086958 0.0027173913043478264 0.0027173913043478264 0.1657608695652174 0.0027173913043478264 0.0027173913043478264 0.0027173913043478264 0.0027173913043478264 
0.6778846153846153 0.004807692307692308 0.004807692307692308 0.004807692307692308 0.2932692307692307 0.004807692307692308 0.004807692307692308 0.004807692307692308 
0.6005434782608696 0.0027173913043478264 0.0027173913043478264 0.3831521739130435 0.0027173913043478264 0.0027173913043478264 0.0027173913043478264 0.0027173913043478264 
0.8246268656716418 0.0037313432835820895 0.0037313432835820895 0.0037313432835820895 0.15298507462686564 0.0037313432835820895 0.0037313432835820895 0.0037313432835820895 
0.978658536585366 0.0030487804878048786 0.0030487804878048786 0.0030487804878048786 0.0030487804878048786 0.0030487804878048786 0.0030487804878048786 0.0030487804878048786 
0.9798850574712645 0.002873563218390805 0.002873563218390805 0.002873563218390805 0.002873563218390805 0.002873563218390805 0.002873563218390805 0.002873563218390805 
0.9717741935483871 0.004032258064516129 0.004032258064516129 0.004032258064516129 0.004032258064516129 0.004032258064516129 0.004032258064516129 0.004032258064516129 
0.6284722222222222 0.0034722222222222225 0.0034722222222222225 0.21180555555555552 0.0034722222222222225 0.0034722222222222225 0.0034722222222222225 0.1423611111111111 
0.7175324675324676 0.003246753246753247 0.003246753246753247 0.003246753246753247 0.003246753246753247 0.003246753246753247 0.003246753246753247 0.262987012987013 
0.1752873563218391 0.002873563218390805 0.11781609195402298 0.635057471264368 0.002873563218390805 0.002873563218390805 0.060344827586206906 0.002873563218390805 
0.002873563218390805 0.002873563218390805 0.002873563218390805 0.8074712643678162 0.002873563218390805 0.1752873563218391 0.002873563218390805 0.002873563218390805 
0.42987804878048785 0.551829268292683 0.0030487804878048786 0.0030487804878048786 0.0030487804878048786 0.0030487804878048786 0.0030487804878048786 0.0030487804878048786 
0.0023364485981308414 0.0023364485981308414 0.0023364485981308414 0.7500000000000001 0.0023364485981308414 0.23598130841121495 0.0023364485981308414 0.0023364485981308414 
0.0027173913043478264 0.0027173913043478264 0.0027173913043478264 0.9809782608695653 0.0027173913043478264 0.0027173913043478264 0.0027173913043478264 0.0027173913043478264 
0.003246753246753247 0.003246753246753247 0.003246753246753247 0.9772727272727273 0.003246753246753247 0.003246753246753247 0.003246753246753247 0.003246753246753247 
0.0034722222222222225 0.0034722222222222225 0.0034722222222222225 0.5590277777777778 0.28125 0.0034722222222222225 0.07291666666666667 0.07291666666666667 
0.004032258064516129 0.004032258064516129 0.004032258064516129 0.9717741935483871 0.004032258064516129 0.004032258064516129 0.004032258064516129 0.004032258064516129 
0.0043859649122807015 0.0043859649122807015 0.0043859649122807015 0.9692982456140351 0.0043859649122807015 0.0043859649122807015 0.0043859649122807015 0.0043859649122807015 
0.7740384615384616 0.004807692307692308 0.004807692307692308 0.004807692307692308 0.004807692307692308 0.19711538461538458 0.004807692307692308 0.004807692307692308 
0.22544642857142858 0.0022321428571428575 0.0022321428571428575 0.0022321428571428575 0.0022321428571428575 0.4933035714285715 0.0022321428571428575 0.2700892857142857 
0.0025773195876288664 0.0025773195876288664 0.0025773195876288664 0.981958762886598 0.0025773195876288664 0.0025773195876288664 0.0025773195876288664 0.0025773195876288664 
0.0037313432835820895 0.0037313432835820895 0.0037313432835820895 0.9738805970149254 0.0037313432835820895 0.0037313432835820895 0.0037313432835820895 0.0037313432835820895 
0.004032258064516129 0.004032258064516129 0.004032258064516129 0.9717741935483871 0.004032258064516129 0.004032258064516129 0.004032258064516129 0.004032258064516129 
0.002873563218390805 0.002873563218390805 0.002873563218390805 0.9798850574712645 0.002873563218390805 0.002873563218390805 0.002873563218390805 0.002873563218390805 
0.0030487804878048786 0.0030487804878048786 0.0030487804878048786 0.978658536585366 0.0030487804878048786 0.0030487804878048786 0.0030487804878048786 0.0030487804878048786 
0.9798850574712645 0.002873563218390805 0.002873563218390805 0.002873563218390805 0.002873563218390805 0.002873563218390805 0.002873563218390805 0.002873563218390805 
0.7242268041237114 0.20876288659793815 0.0025773195876288664 0.054123711340206195 0.0025773195876288664 0.0025773195876288664 0.0025773195876288664 0.0025773195876288664 
0.1331168831168831 0.06818181818181818 0.003246753246753247 0.7175324675324676 0.003246753246753247 0.003246753246753247 0.003246753246753247 0.06818181818181818 
0.002873563218390805 0.002873563218390805 0.002873563218390805 0.9798850574712645 0.002873563218390805 0.002873563218390805 0.002873563218390805 0.002873563218390805 
0.8911290322580645 0.004032258064516129 0.004032258064516129 0.004032258064516129 0.004032258064516129 0.004032258064516129 0.08467741935483872 0.004032258064516129 
0.0034722222222222225 0.07291666666666667 0.0034722222222222225 0.5590277777777778 0.0034722222222222225 0.0034722222222222225 0.0034722222222222225 0.3506944444444444 
0.39285714285714285 0.003246753246753247 0.003246753246753247 0.003246753246753247 0.003246753246753247 0.003246753246753247 0.5876623376623377 0.003246753246753247 
0.05706521739130435 0.0027173913043478264 0.0027173913043478264 0.27445652173913043 0.0027173913043478264 0.0027173913043478264 0.6548913043478262 0.0027173913043478264 
0.5472972972972973 0.006756756756756757 0.006756756756756757 0.006756756756756757 0.006756756756756757 0.277027027027027 0.14189189189189189 0.006756756756756757 
0.5307017543859649 0.09210526315789473 0.0043859649122807015 0.0043859649122807015 0.35526315789473684 0.0043859649122807015 0.0043859649122807015 0.0043859649122807015 
0.0030487804878048786 0.0030487804878048786 0.0030487804878048786 0.978658536585366 0.0030487804878048786 0.0030487804878048786 0.0030487804878048786 0.0030487804878048786 
0.0030487804878048786 0.0030487804878048786 0.0030487804878048786 0.8567073170731708 0.0030487804878048786 0.125 0.0030487804878048786 0.0030487804878048786 
0.005319148936170213 0.005319148936170213 0.005319148936170213 0.4308510638297872 0.005319148936170213 0.5372340425531914 0.005319148936170213 0.005319148936170213 
0.0043859649122807015 0.0043859649122807015 0.0043859649122807015 0.9692982456140351 0.0043859649122807015 0.0043859649122807015 0.0043859649122807015 0.0043859649122807015 
0.6979166666666667 0.0034722222222222225 0.0034722222222222225 0.0034722222222222225 0.0034722222222222225 0.0034722222222222225 0.0034722222222222225 0.28125 
0.5590277777777778 0.0034722222222222225 0.0034722222222222225 0.0034722222222222225 0.0034722222222222225 0.0034722222222222225 0.0034722222222222225 0.42013888888888884 
0.7957317073170733 0.0030487804878048786 0.18597560975609756 0.0030487804878048786 0.0030487804878048786 0.0030487804878048786 0.0030487804878048786 0.0030487804878048786 
0.407258064516129 0.08467741935483872 0.004032258064516129 0.004032258064516129 0.08467741935483872 0.004032258064516129 0.407258064516129 0.004032258064516129 
0.692528735632184 0.002873563218390805 0.002873563218390805 0.060344827586206906 0.002873563218390805 0.002873563218390805 0.002873563218390805 0.2327586206896552 
0.277027027027027 0.006756756756756757 0.006756756756756757 0.006756756756756757 0.14189189189189189 0.006756756756756757 0.5472972972972973 0.006756756756756757 
0.8992537313432836 0.0037313432835820895 0.0037313432835820895 0.0037313432835820895 0.0037313432835820895 0.0037313432835820895 0.0037313432835820895 0.07835820895522388 
0.9756944444444444 0.0034722222222222225 0.0034722222222222225 0.0034722222222222225 0.0034722222222222225 0.0034722222222222225 0.0034722222222222225 0.0034722222222222225 
0.7175324675324676 0.1331168831168831 0.003246753246753247 0.003246753246753247 0.1331168831168831 0.003246753246753247 0.003246753246753247 0.003246753246753247 
0.6824324324324323 0.006756756756756757 0.006756756756756757 0.006756756756756757 0.006756756756756757 0.277027027027027 0.006756756756756757 0.006756756756756757 
0.17982456140350875 0.0043859649122807015 0.0043859649122807015 0.17982456140350875 0.6184210526315789 0.0043859649122807015 0.0043859649122807015 0.0043859649122807015 
0.793859649122807 0.0043859649122807015 0.17982456140350875 0.0043859649122807015 0.0043859649122807015 0.0043859649122807015 0.0043859649122807015 0.0043859649122807015 
0.4626436781609196 0.002873563218390805 0.29022988505747127 0.002873563218390805 0.002873563218390805 0.002873563218390805 0.2327586206896552 0.002873563218390805 
0.49085365853658547 0.0030487804878048786 0.0030487804878048786 0.0030487804878048786 0.0030487804878048786 0.0030487804878048786 0.0030487804878048786 0.49085365853658547 
0.5227272727272727 0.003246753246753247 0.003246753246753247 0.003246753246753247 0.003246753246753247 0.003246753246753247 0.45779220779220775 0.003246753246753247 
0.6737804878048782 0.24695121951219512 0.06402439024390244 0.0030487804878048786 0.0030487804878048786 0.0030487804878048786 0.0030487804878048786 0.0030487804878048786 
0.9798850574712645 0.002873563218390805 0.002873563218390805 0.002873563218390805 0.002873563218390805 0.002873563218390805 0.002873563218390805 0.002873563218390805 
0.8815789473684211 0.0043859649122807015 0.0043859649122807015 0.09210526315789473 0.0043859649122807015 0.0043859649122807015 0.0043859649122807015 0.0043859649122807015 
0.3831521739130435 0.0027173913043478264 0.0027173913043478264 0.0027173913043478264 0.0027173913043478264 0.27445652173913043 0.328804347826087 0.0027173913043478264 
0.7242268041237114 0.0025773195876288664 0.0025773195876288664 0.20876288659793815 0.0025773195876288664 0.054123711340206195 0.0025773195876288664 0.0025773195876288664 
0.9527027027027026 0.006756756756756757 0.006756756756756757 0.006756756756756757 0.006756756756756757 0.006756756756756757 0.006756756756756757 0.006756756756756757 
0.31473214285714285 0.0022321428571428575 0.2700892857142857 0.0022321428571428575 0.13616071428571427 0.0022321428571428575 0.2700892857142857 0.0022321428571428575 
0.9843750000000001 0.0022321428571428575 0.0022321428571428575 0.0022321428571428575 0.0022321428571428575 0.0022321428571428575 0.0022321428571428575 0.0022321428571428575 
0.9756944444444444 0.0034722222222222225 0.0034722222222222225 0.0034722222222222225 0.0034722222222222225 0.0034722222222222225 0.0034722222222222225 0.0034722222222222225 
0.9304123711340208 0.0025773195876288664 0.054123711340206195 0.0025773195876288664 0.0025773195876288664 0.0025773195876288664 0.0025773195876288664 0.0025773195876288664 
0.8246268656716418 0.0037313432835820895 0.0037313432835820895 0.15298507462686564 0.0037313432835820895 0.0037313432835820895 0.0037313432835820895 0.0037313432835820895 
0.8567073170731708 0.0030487804878048786 0.0030487804878048786 0.125 0.0030487804878048786 0.0030487804878048786 0.0030487804878048786 0.0030487804878048786 
0.9756944444444444 0.0034722222222222225 0.0034722222222222225 0.0034722222222222225 0.0034722222222222225 0.0034722222222222225 0.0034722222222222225 0.0034722222222222225 
0.4821428571428571 0.005952380952380952 0.005952380952380952 0.125 0.005952380952380952 0.125 0.005952380952380952 0.244047619047619 
0.7824675324675325 0.003246753246753247 0.06818181818181818 0.003246753246753247 0.003246753246753247 0.1331168831168831 0.003246753246753247 0.003246753246753247 
0.8950892857142858 0.0022321428571428575 0.0022321428571428575 0.0022321428571428575 0.0022321428571428575 0.0022321428571428575 0.09151785714285714 0.0022321428571428575 
0.9772727272727273 0.003246753246753247 0.003246753246753247 0.003246753246753247 0.003246753246753247 0.003246753246753247 0.003246753246753247 0.003246753246753247 
0.9692982456140351 0.0043859649122807015 0.0043859649122807015 0.0043859649122807015 0.0043859649122807015 0.0043859649122807015 0.0043859649122807015 0.0043859649122807015 
0.978658536585366 0.0030487804878048786 0.0030487804878048786 0.0030487804878048786 0.0030487804878048786 0.0030487804878048786 0.0030487804878048786 0.0030487804878048786 
0.810483870967742 0.004032258064516129 0.08467741935483872 0.004032258064516129 0.004032258064516129 0.08467741935483872 0.004032258064516129 0.004032258064516129 
0.5261194029850746 0.0037313432835820895 0.0037313432835820895 0.0037313432835820895 0.0037313432835820895 0.0037313432835820895 0.0037313432835820895 0.4514925373134328 
0.3279220779220779 0.003246753246753247 0.003246753246753247 0.6525974025974026 0.003246753246753247 0.003246753246753247 0.003246753246753247 0.003246753246753247 
0.6824324324324323 0.006756756756756757 0.277027027027027 0.006756756756756757 0.006756756756756757 0.006756756756756757 0.006756756756756757 0.006756756756756757 
0.5685483870967741 0.004032258064516129 0.004032258064516129 0.004032258064516129 0.16532258064516128 0.004032258064516129 0.24596774193548385 0.004032258064516129 
0.9772727272727273 0.003246753246753247 0.003246753246753247 0.003246753246753247 0.003246753246753247 0.003246753246753247 0.003246753246753247 0.003246753246753247 
0.75 0.005319148936170213 0.005319148936170213 0.005319148936170213 0.005319148936170213 0.005319148936170213 0.2180851063829787 0.005319148936170213 
0.9717741935483871 0.004032258064516129 0.004032258064516129 0.004032258064516129 0.004032258064516129 0.004032258064516129 0.004032258064516129 0.004032258064516129 
0.635057471264368 0.060344827586206906 0.060344827586206906 0.060344827586206906 0.002873563218390805 0.11781609195402298 0.060344827586206906 0.002873563218390805 
0.4514925373134328 0.07835820895522388 0.0037313432835820895 0.22761194029850745 0.22761194029850745 0.0037313432835820895 0.0037313432835820895 0.0037313432835820895 
0.9524647887323945 0.0017605633802816904 0.0017605633802816904 0.0017605633802816904 0.0017605633802816904 0.0017605633802816904 0.0369718309859155 0.0017605633802816904 
0.9423076923076924 0.002136752136752137 0.002136752136752137 0.002136752136752137 0.04487179487179488 0.002136752136752137 0.002136752136752137 0.002136752136752137 
0.7061403508771931 0.0043859649122807015 0.0043859649122807015 0.0043859649122807015 0.09210526315789473 0.0043859649122807015 0.17982456140350875 0.0043859649122807015 
0.7500000000000001 0.0023364485981308414 0.0023364485981308414 0.0023364485981308414 0.0023364485981308414 0.0023364485981308414 0.0023364485981308414 0.23598130841121495 
0.9123376623376623 0.003246753246753247 0.003246753246753247 0.003246753246753247 0.003246753246753247 0.003246753246753247 0.06818181818181818 0.003246753246753247 
0.9453124999999999 0.0078125 0.0078125 0.0078125 0.0078125 0.0078125 0.0078125 0.0078125 
0.8567073170731708 0.0030487804878048786 0.0030487804878048786 0.0030487804878048786 0.0030487804878048786 0.0030487804878048786 0.125 0.0030487804878048786 
0.8074712643678162 0.002873563218390805 0.002873563218390805 0.060344827586206906 0.11781609195402298 0.002873563218390805 0.002873563218390805 0.002873563218390805 
0.8722826086956523 0.0027173913043478264 0.0027173913043478264 0.0027173913043478264 0.0027173913043478264 0.0027173913043478264 0.0027173913043478264 0.11141304347826086 
0.0030487804878048786 0.0030487804878048786 0.0030487804878048786 0.36890243902439024 0.0030487804878048786 0.0030487804878048786 0.6128048780487806 0.0030487804878048786 
0.8392857142857142 0.005952380952380952 0.005952380952380952 0.005952380952380952 0.005952380952380952 0.005952380952380952 0.125 0.005952380952380952 
0.7635869565217392 0.0027173913043478264 0.0027173913043478264 0.0027173913043478264 0.0027173913043478264 0.0027173913043478264 0.0027173913043478264 0.22010869565217392 
0.9772727272727273 0.003246753246753247 0.003246753246753247 0.003246753246753247 0.003246753246753247 0.003246753246753247 0.003246753246753247 0.003246753246753247 
0.9798850574712645 0.002873563218390805 0.002873563218390805 0.002873563218390805 0.002873563218390805 0.002873563218390805 0.002873563218390805 0.002873563218390805 
0.9583333333333334 0.005952380952380952 0.005952380952380952 0.005952380952380952 0.005952380952380952 0.005952380952380952 0.005952380952380952 0.005952380952380952 
0.9772727272727273 0.003246753246753247 0.003246753246753247 0.003246753246753247 0.003246753246753247 0.003246753246753247 0.003246753246753247 0.003246753246753247 
0.6753731343283582 0.0037313432835820895 0.30223880597014924 0.0037313432835820895 0.0037313432835820895 0.0037313432835820895 0.0037313432835820895 0.0037313432835820895 
0.8681102362204726 0.0019685039370078744 0.0019685039370078744 0.04133858267716536 0.0019685039370078744 0.08070866141732283 0.0019685039370078744 0.0019685039370078744 
0.551829268292683 0.0030487804878048786 0.0030487804878048786 0.0030487804878048786 0.42987804878048785 0.0030487804878048786 0.0030487804878048786 0.0030487804878048786 
0.9809782608695653 0.0027173913043478264 0.0027173913043478264 0.0027173913043478264 0.0027173913043478264 0.0027173913043478264 0.0027173913043478264 0.0027173913043478264 
0.5307017543859649 0.0043859649122807015 0.0043859649122807015 0.0043859649122807015 0.44298245614035087 0.0043859649122807015 0.0043859649122807015 0.0043859649122807015 
0.9836448598130842 0.0023364485981308414 0.0023364485981308414 0.0023364485981308414 0.0023364485981308414 0.0023364485981308414 0.0023364485981308414 0.0023364485981308414 
0.7347560975609757 0.0030487804878048786 0.24695121951219512 0.0030487804878048786 0.0030487804878048786 0.0030487804878048786 0.0030487804878048786 0.0030487804878048786 
0.7635869565217392 0.0027173913043478264 0.0027173913043478264 0.0027173913043478264 0.0027173913043478264 0.0027173913043478264 0.22010869565217392 0.0027173913043478264 
0.21180555555555552 0.0034722222222222225 0.0034722222222222225 0.0034722222222222225 0.0034722222222222225 0.0034722222222222225 0.0034722222222222225 0.7673611111111112 
0.982843137254902 0.002450980392156863 0.002450980392156863 0.002450980392156863 0.002450980392156863 0.002450980392156863 0.002450980392156863 0.002450980392156863 
0.7242268041237114 0.1056701030927835 0.0025773195876288664 0.0025773195876288664 0.0025773195876288664 0.0025773195876288664 0.15721649484536082 0.0025773195876288664 
0.2603092783505155 0.0025773195876288664 0.0025773195876288664 0.0025773195876288664 0.6726804123711341 0.0025773195876288664 0.054123711340206195 0.0025773195876288664 
0.981958762886598 0.0025773195876288664 0.0025773195876288664 0.0025773195876288664 0.0025773195876288664 0.0025773195876288664 0.0025773195876288664 0.0025773195876288664 
0.3079268292682927 0.0030487804878048786 0.6128048780487806 0.0030487804878048786 0.06402439024390244 0.0030487804878048786 0.0030487804878048786 0.0030487804878048786 
0.48790322580645157 0.004032258064516129 0.407258064516129 0.004032258064516129 0.08467741935483872 0.004032258064516129 0.004032258064516129 0.004032258064516129 
0.48790322580645157 0.004032258064516129 0.004032258064516129 0.004032258064516129 0.004032258064516129 0.004032258064516129 0.004032258064516129 0.48790322580645157 
0.5876623376623377 0.003246753246753247 0.003246753246753247 0.003246753246753247 0.39285714285714285 0.003246753246753247 0.003246753246753247 0.003246753246753247 
0.9338235294117648 0.002450980392156863 0.002450980392156863 0.002450980392156863 0.05147058823529412 0.002450980392156863 0.002450980392156863 0.002450980392156863 
0.2327586206896552 0.002873563218390805 0.29022988505747127 0.002873563218390805 0.4051724137931035 0.060344827586206906 0.002873563218390805 0.002873563218390805 
0.30128205128205127 0.002136752136752137 0.002136752136752137 0.002136752136752137 0.685897435897436 0.002136752136752137 0.002136752136752137 0.002136752136752137 
0.978658536585366 0.0030487804878048786 0.0030487804878048786 0.0030487804878048786 0.0030487804878048786 0.0030487804878048786 0.0030487804878048786 0.0030487804878048786 
0.981958762886598 0.0025773195876288664 0.0025773195876288664 0.0025773195876288664 0.0025773195876288664 0.0025773195876288664 0.0025773195876288664 0.0025773195876288664 
0.7824675324675325 0.003246753246753247 0.003246753246753247 0.003246753246753247 0.19805194805194803 0.003246753246753247 0.003246753246753247 0.003246753246753247 
0.9663461538461539 0.004807692307692308 0.004807692307692308 0.004807692307692308 0.004807692307692308 0.004807692307692308 0.004807692307692308 0.004807692307692308 
0.328804347826087 0.0027173913043478264 0.0027173913043478264 0.0027173913043478264 0.6548913043478262 0.0027173913043478264 0.0027173913043478264 0.0027173913043478264 
0.5576923076923077 0.002136752136752137 0.002136752136752137 0.002136752136752137 0.42948717948717957 0.002136752136752137 0.002136752136752137 0.002136752136752137 
0.5775862068965518 0.002873563218390805 0.002873563218390805 0.002873563218390805 0.002873563218390805 0.4051724137931035 0.002873563218390805 0.002873563218390805 
0.44362745098039225 0.002450980392156863 0.5416666666666667 0.002450980392156863 0.002450980392156863 0.002450980392156863 0.002450980392156863 0.002450980392156863 
