0.6083013626613342 9.172179153962201E-5 0.0036053759129444454 0.004940590037542513 9.172430538019786E-5 0.00559754085078352 0.0288482309085647 0.3485234535319107 
0.7264030801971736 0.020784723135666025 0.032584261522102594 0.004527995455093745 0.11446123163917175 0.02976590883350748 0.02344535160071419 0.04802744761657053 
0.2876955232395191 0.015261015055711378 4.662532095919252E-4 0.005383860931078924 0.0033076874522014596 0.04542344535061556 0.14053608569583265 0.5019261290654491 
0.4485287756239531 8.012181346203854E-4 0.2140555635073708 0.01995246342448417 0.0027074712932916183 0.06815029406963599 0.017163669066536852 0.22864054488010704 
0.6266017713906323 0.005119653737247388 1.9617269543246941E-4 0.04284285096325573 0.001612792068164891 0.04814478081130167 0.015606316771843895 0.2598756615621217 
0.6159765655482535 0.0012580205114388484 0.031219184882492857 0.04787696694404918 1.8850032557055546E-4 0.0034097398409075968 0.011827233627698506 0.28824378831958886 
0.4602028817011022 0.05147627551282529 0.01093042727778968 0.03043252847021549 0.00869883606500085 0.014621673065849898 0.2852782562760344 0.13835912163118225 
0.4129417313661037 0.025347233513495538 0.0064675367077271315 0.1312091866460759 0.016552249086223665 0.011205131271565702 0.2611035926613328 0.13517333874747556 
0.6660815492363673 0.03402891733361324 0.008110452093005805 0.00610567293868781 3.6004671022225453E-4 0.020836382161133774 0.024016554477390668 0.24046042504957882 
0.4465707920020217 0.0043977319841304015 0.025117452912743046 0.006484939691671202 3.1279132261829014E-4 0.04954051682182778 0.04572571033752717 0.4218500649274603 
0.6522466826247681 0.01840014104429578 0.07246216917478505 0.03472092781325532 0.035993348737771 0.024034345622770657 0.040454683783214346 0.12168770119913978 
0.47978697281592425 0.003991744231716029 1.2965538357885372E-4 0.008742726973850866 0.00120045186108081 0.015414361580343632 0.05300721578764206 0.4377268713658636 
0.49877042930472915 0.03134189069142459 0.08870079875317151 0.04172954944792844 0.010188161513357994 0.02678632460488254 0.1014574667539473 0.20102537893055844 
0.3329966177834796 0.021416169456128106 0.07096175026160771 0.017246281179538324 0.04620008715883244 0.004092596316344517 0.162720487895485 0.3443660099485842 
0.4817779024541535 0.025325253559161303 0.04608195996663535 0.040570425045532606 0.0010031912218416736 4.2399661886583477E-4 0.16415763929604665 0.24065963183776312 
0.5692061015685331 0.007388847020323576 0.012004872642636404 0.011703303417139216 0.005759921825392435 0.003709298862206306 0.015214756102057197 0.37501289856171177 
0.6268923602008274 6.184094093918966E-4 0.013165300530249367 0.007638374871623738 0.08468040530818906 0.028045060265514586 0.004315580709147166 0.23464450870505704 
0.7440189686672501 0.01047471174335336 0.0019375254013548596 0.003814118414456769 0.0029552545412874693 0.0548463723220414 0.052669507980929314 0.12928354092932656 
0.38429808194659504 0.007822351505741752 0.04137293413289151 0.006835760370284279 0.001576142563353062 0.004111914948018715 0.06580033725405972 0.48818247727905595 
0.283203266920798 4.058973753789212E-4 4.062377767055999E-4 0.08453237913070984 0.05753489278992737 0.028839839567943264 0.13754186006610097 0.40753562637243607 
0.5460158876927766 0.001206257314535938 0.04031381249693843 0.012866072929023052 0.001282997178407464 0.02661916087713262 0.05016725749156158 0.3215285540196242 
0.684724697496415 0.017971319998657892 0.0635996596868485 0.029963567713719868 0.01017089567118833 2.412222224278419E-4 0.017641752155669273 0.17568688505507335 
0.5935032529939612 8.994786456661728E-4 0.07544754721008737 0.014813200015807873 0.021372026655827527 0.0049473705418245015 0.008021142773799646 0.2809959811630256 
0.364675869137209 0.02765045785701766 0.035838196596416905 0.015594157834876362 0.1241842716767126 0.011948920178722195 0.1099289339565692 0.3101791927624761 
0.5398058017723336 5.554483000726206E-4 0.06303555706802383 0.03310529906941568 0.07178791206616002 0.02563919562525735 0.05227634227075578 0.21379444382798085 
0.6010717064899069 0.0019071016864033743 0.014698059538040913 0.019940725343098247 0.027384116222158517 0.24394622669825594 0.016910871229615373 0.07414119279252054 
0.4407252669361014 0.055436323893468774 0.08530521698167394 0.04103493621529108 0.013872157281816377 0.024541884989748967 0.0051170000580723985 0.33396721364382703 
0.4957291386786317 0.0203801082774266 1.754842548859834E-4 0.007470176077938495 1.753420157894656E-4 0.029337488413951264 0.013667203135917233 0.43306505914545906 
0.3585565289854202 0.007734511786360077 0.03223271872734236 0.02140584779538141 0.012193107381377619 0.032241052458237 0.09682430992285013 0.4388119229430312 
0.6606903035545347 0.001735504938680909 1.8429843554641307E-4 0.10935744293102964 0.0012550506220186815 0.02334848607774954 0.012606109238587751 0.1908228042018523 
0.3829081217399842 0.0013057185581799656 0.04213734145584863 0.3159882159902249 0.049259372950915155 0.12535181828562422 0.002439541326178263 0.0806098696930446 
0.4297171890944573 0.0012994020325814656 9.226882364700201E-4 0.4658524051955668 0.026667693503296175 0.006799189217044229 0.005344304337882675 0.06339712838270135 
0.2714281455293091 0.05886461583057825 6.480225695873357E-4 0.6039325925979939 0.009272725030892425 0.002173166277849716 0.002086381576944832 0.05159435058684453 
0.2834920308730386 0.0010456980861281676 0.0025031749629613187 0.4914896558099534 0.008139358551462516 0.21130503775359732 8.133781941269987E-4 0.0012116657687316272 
0.12253056556760568 0.029030838109211417 0.046099686783478803 0.5537163353912717 0.0010727999179694792 0.2332735249075027 0.012713159763769744 0.001563089559190384 
0.5326712430541065 0.00632520301861929 0.02088276362668184 0.37724939838094995 0.02255071904284353 5.108758257307715E-4 0.005280822503782397 0.034528974547285554 
0.41915324447408625 5.878744224773647E-4 0.002701934445783041 0.46596736341179334 0.005475480085212682 0.017122457786940083 0.03921945227346135 0.049772193100245915 
0.4022643022566693 0.0029288032321829866 0.08438913875233386 0.4712608488803294 0.015631756897063847 0.01507182086032983 0.007351826843148225 0.001101502277942575 
0.6339314598251143 0.005331405853012482 0.011031337493508344 0.3206475644235608 0.009018470409291894 0.005409968580950024 0.011470905472895674 0.0031588879416663404 
0.13664781639963247 0.003085511183655523 0.030039629325472418 0.4247306012167374 0.2954455775745443 0.05325617758844081 0.022874995668209726 0.0339196910433073 
0.15618562117298598 0.003008581762997009 0.07282294080996866 0.7483789670945742 0.008750386050590536 0.003946830630086398 0.006546707242126285 3.599652366709441E-4 
0.5703491331316888 0.004869676565540453 0.0028352190598700524 0.359540722095336 0.0206135253939893 0.032431424008434 0.008069918684641249 0.0012903810605001094 
0.3748212877096694 0.10951594722245911 0.002318362768863839 0.48132874787588115 0.005141430816026285 0.012225472795470807 2.876060458027186E-4 0.014361144765826749 
0.5203506837856396 0.0027666194000133077 0.05160073920794506 0.4103643411004197 0.00449968129433303 0.002779591999545447 0.006527703119824284 0.0011106400922796884 
0.45790944473559253 0.012171785984546012 0.04864347254026746 0.15518304097227814 0.04714561456456246 0.17753001063200932 0.030701500103955785 0.07071513046678836 
0.48915959164175343 0.05024381698525209 0.14794560349310446 0.26689986345746364 0.002023125954489327 0.015174750663189046 0.0027351993918601344 0.02581804841288772 
0.32208369421015565 0.010576462195741841 0.03102970927815807 0.5034750357564285 0.022024659893092633 0.027916370803456242 0.023613616737419 0.059280451125548195 
0.26902837095470905 0.021856748512596922 0.05632676616856991 0.6052905661462793 9.873926363084074E-4 0.040701866782550084 0.002542592003267305 0.003265696795719148 
0.6327964689079442 0.0012112076926684607 0.03819996127162808 0.30400481520767836 7.546379552538629E-4 0.01440495405360683 0.006067619941924667 0.002560334969295673 
0.40018569386361524 0.004863191695951521 0.13863809664883334 0.45074806591554945 5.142171749700539E-4 0.0020122255728111087 0.0028347151236691515 2.0379400460003564E-4 
0.1526836330314265 0.01194732936597649 0.27610509403341527 0.4041905769956163 0.002845071578787026 0.013191185697830168 0.136293075585591 0.0027440337113573245 
0.4529454706242858 0.001827318364671189 0.0024014622205338746 0.5174282533232357 0.0025119021627080943 0.01697449797846886 0.003095359037455262 0.002815736288640887 
0.31357533303426766 0.005363977977284904 0.12856441074025804 0.4922409552827055 8.087538096943237E-4 0.005726014573059899 0.017586330924664516 0.0361342236580652 
0.43671617041394933 0.025040345999312638 0.01248351370771089 0.46878680151591345 0.001255959883346434 0.055067959771765755 3.247440333046914E-4 3.2450467469652465E-4 
0.12050920690511847 0.0016678870841933856 0.17655217459907063 0.5389283282313513 0.010406995600922111 0.0698081331100601 0.0018328757347683337 0.0802943987345156 
0.6247876513511684 0.0011135024720102876 0.0011144362984938374 0.3562049075770055 0.00196775562429482 0.010770706115560797 6.070541942424663E-4 0.0034339863672238897 
0.41571373354472274 0.0038522465652901573 0.007690529698512778 0.470303351259972 0.01886892729308259 0.020979441256173934 0.05944123607615574 0.003150534306090054 
0.2720722567444405 0.0030136640235533417 0.07045960834183175 0.5177673938445038 0.004250632206728801 0.017433764792907615 0.11462999052376747 3.726895222667663E-4 
0.3011166928536506 0.007904099654413684 0.07787038150842668 0.46174887269040693 0.008946141068787602 0.054361428763400374 0.0534216467302407 0.034630736730673385 
0.5678304758524866 0.0030354838275429537 0.017562758455076995 0.39773803792046136 0.005403317158577762 0.0031294735789603157 0.0013487566270351712 0.003951696579858885 
0.08488850567095253 0.004673022131304127 3.397921765457737E-4 0.5009506367584293 0.04971345091405927 0.294453365106491 0.016149547568307585 0.04883167967391047 
0.4663361901323586 0.0013811284191626253 8.875104052702746E-5 0.4476361376875798 0.0048277987223909755 0.04599099532470881 0.005498866541660481 0.02824013213161154 
0.1972662346916168 0.009690582973681522 2.6349449939538634E-4 0.35509721531609445 0.028994849299870187 0.08007129177373264 3.253247325459396E-4 0.32829100671306316 
0.2285438156473811 7.914597819966433E-4 9.323830631938588E-4 0.39501258040814746 0.060153354927192156 0.07180849587422727 4.339507405302699E-4 0.24232395955733133 
0.42956973737205884 0.022041267372023474 0.02015101058088178 0.4095049965133367 0.015369857961498364 0.03839269413271982 0.040183151520372155 0.02478728454710886 
0.29568242415669904 0.01554180559322794 0.07465861438182052 0.33751484730172016 0.00786227469284039 0.04366025684077234 0.1501498175068157 0.074929959526104 
0.4438052263062641 0.01945562667389735 0.03687019941455876 0.28443241856712864 0.007260622235332037 0.12747422259580932 0.056217595468158875 0.02448408873885089 
0.28305816509134196 0.04088721042460622 0.021484719479532798 0.40879294957385814 0.05948673998984163 0.1547656630952505 0.007473373040515747 0.024051179305052958 
0.39133263891577824 0.027281687784952477 0.002892341123160737 0.4571072704254171 0.011550100089162662 0.028303340292953415 0.04806709092801454 0.0334655304405608 
0.12836004529079512 0.013529817940591698 0.001404642991486574 0.6144564834803521 0.04149435255527235 0.11935372985132264 0.039517774380337725 0.04188315350984178 
0.6591484356953935 0.01703912556866334 0.0012555785940132342 0.158065117591133 0.04486241910638493 0.07547577785644133 0.013173821370378829 0.03097972421759172 
0.4974470366831179 0.00433654717996013 0.018803907570373115 0.3983389043460397 2.498725678376043E-4 0.02857313812627425 0.04578535625813227 0.0064652372682652125 
0.5372073436813515 0.01588055260089251 0.014439660492635696 0.23498809749590446 0.02946369355132019 0.033899574814837886 0.04769119549741243 0.0864298818656453 
0.542804408165968 0.016588184872970896 0.03165443544939272 0.2543676640380384 0.020352346872566582 0.05791202651348112 0.013171381061061992 0.06314955302652044 
0.4016505327925639 0.15111603949223107 0.03457725131964681 0.1766380357326203 0.04286107291770109 0.05201600441911443 0.0872384181683601 0.05390264515776234 
0.37093116003264226 0.005265894162747487 0.004299309685670804 0.45284806264573113 0.058500461647990276 0.09335901601979926 0.0016002357997830026 0.013195860005635699 
0.14461983795006528 0.004982522047808743 0.03142261306654547 0.6566616156297872 0.01782302366893232 0.10405765739206124 0.003169164078295554 0.03726356616650423 
0.43642526535875253 0.05429280027433837 0.025520450244168755 0.3846787002889633 0.0015486177811976096 0.03597806239096044 0.05651292490620054 0.005043178755418455 
0.0812016421514392 0.029885270381665083 6.815999289077228E-4 0.6116557345143284 0.19188390623095042 0.051242447688637685 0.017917830196986843 0.015531568907084636 
0.3346832065751281 0.017259236945102494 7.086171001291657E-4 0.28705328473013825 0.21755199694647226 0.06336740460058977 0.04112486770904965 0.03825138539339029 
0.4783430271802913 0.006429950464803663 0.033475258613366955 0.28476846925945243 0.012650128037970157 0.05351892026074241 0.09876793050601118 0.032046315677362144 
0.03068861555003301 0.04926263423524302 0.005157429001178685 0.5801053963067055 0.11325322423015072 0.16566734565027208 0.008269533868319487 0.047595821158097615 
0.16721681709766031 0.0046454074126047445 5.74299360784402E-4 0.7085953447199985 0.05729270757046211 0.03995303371779919 0.0026190448439685496 0.019103345276722253 
0.5086002555289738 0.007580511938527998 0.007682317675276791 0.2142656752245241 0.07730554897904457 0.0750830944412168 0.043918892210650914 0.0655637040017849 
0.5575234638657272 0.009545213933169506 4.986361631319979E-4 0.2673144103332095 0.05109459574444906 0.08409446345957089 0.00211372593311047 0.02781549056763146 
0.6014283850039178 0.0025242739618969254 0.002301562118511235 0.3020926758975901 0.009379963549424315 0.03635401241358799 0.03265779992973178 0.01326132712534015 
0.06744230734220709 0.005075112009219269 0.0027163670805090668 0.41584326670085964 0.18783649158839666 0.15186147161487865 6.478821505576027E-4 0.16857710151337196 
0.29925612720729783 0.0317084023977667 0.07614880155162766 0.5231839549699054 0.02592533588772517 0.02061061133866007 0.0053334079227719796 0.017833358724245338 
0.2852806666377015 0.05949922657475481 0.1589144378151407 0.2148201748026809 0.037606870035290174 0.10380747213744007 0.08858659810511846 0.051484553891873515 
0.22855269305221435 0.021356698574310152 0.010567757266595876 0.28983590761447703 0.008696749217943162 0.04793539071278527 0.05417512473648788 0.3388796788251862 
0.5730482954996832 0.025268949400658155 0.022005124757366837 0.2860588197603813 0.017330736053082944 0.04996299847468214 0.003837340827338803 0.022487735226806808 
0.6844858701838705 0.03705651978638265 0.025599615959816677 0.019446077985949325 0.19985065744007205 0.027700254038702358 0.0027620923206464567 0.003098912284560007 
0.5661993959795744 0.005999453827074185 0.01746651159440165 0.03844048869650283 0.0027143527570899096 0.005510953409027574 0.32965037073216263 0.034018473004166834 
0.8875030934976508 1.7774864811419397E-4 0.018774026340879612 0.04191232959947733 0.03733168959328042 0.007912802160231405 0.0062104415051331225 1.7786865523321157E-4 
0.7731511931915419 0.026652561083119662 0.02053422980513118 0.08251323461276737 0.0016447178469450527 0.009819764669593308 0.050664575583836455 0.03501972320706534 
0.8400725448890208 0.0035080750398404094 0.060687767853361295 0.01640214538501387 1.8868522749460512E-4 0.006475905478215825 0.06793974061862203 0.0047251355084313735 
0.8561595324262017 0.10411162897459555 3.0639189973139994E-4 0.0068523416305605435 0.016408417785227766 0.015548777621721785 3.065678117242349E-4 3.0634185023704056E-4 
0.6326460794696198 0.015300919087225442 0.09157635742630219 0.003803592588042669 0.0055154738996884625 0.021081066661158783 0.19181710447014422 0.03825940639781827 
0.554506043016898 0.056446444639949155 0.0250384162551339 0.0034864595438704143 0.003521621288440492 0.013668507180023938 0.32466168359396413 0.018670824481719896 
0.761755442608799 0.01441747541189195 0.16165839131876686 0.012122411277021005 0.01831320923294211 2.267724705380551E-4 0.025603829081729368 0.0059024685983117085 
0.6777334605183171 0.0062597230687833905 0.09540390617100099 0.12773899394755434 0.07261771665232715 1.0926226408731428E-4 0.012933120918421198 0.007203816459508523 
0.8082401653382069 0.10108867404378295 0.014328434543535473 0.010450976054865918 0.005148951173640496 0.010231473684772197 0.04914976039144378 0.001361564769752434 
0.8344025270973807 0.018316345748767445 0.03191849949928885 0.027970173117154926 0.0028651731678113797 0.024850912348112132 0.030264509289241546 0.029411859732242918 
0.6316673917933128 0.012630421289514214 0.0024315073310085963 0.02218551459557662 6.799663074394996E-4 0.0022370095007024186 0.32336346322924603 0.004804725953199871 
0.6792730044069006 0.15908988780622932 0.005482551745866547 0.06979236062762675 0.014107097346091656 0.0021223052078612552 0.021831431835859248 0.048301361023564617 
0.7541009463747499 0.008429168879575571 0.05755344097393062 0.004110931002612488 3.763848416548649E-4 0.007007848091531352 0.10703367767488334 0.061387602161061906 
0.6615242180551958 0.005744035458836246 0.0708509541599779 0.12245444893055453 0.0010829301510547733 0.028141033398802372 0.06755473967449427 0.042647640171084224 
0.6808625329703204 0.02742205558870023 0.02766056758502071 0.12039513817713711 0.015397557317626077 0.020189658705565154 0.08233932460668232 0.02573316504894806 
0.7190220917760645 0.02631692025246308 0.09672017260287841 0.035246422091342273 0.005333226895680674 0.04915365674243528 0.0626629058448733 0.005544603794262471 
0.7836197034211779 0.017289122869688298 0.016708043123966926 0.1138254529758308 0.022611915148485817 0.014100042021341583 0.014939441986838145 0.016906278452670252 
0.8423096485644285 0.00494646141651322 0.06453038238066588 0.04046124203504972 0.001250709348400786 0.034202278841776214 0.003946905534626039 0.00835237187853952 
0.6755419655078172 0.0012380768185332486 0.03621511718207545 0.0029234247220619246 0.022948197045362634 0.010181032867688643 0.2471220500593282 0.00383013579713262 
0.6318919842389863 3.3731970455746536E-4 0.13793236258529337 0.07057893318989948 3.3732894955743883E-4 0.06126284620498832 0.09306496998740713 0.004594255139310614 
0.6226148335330088 0.026617606144664834 0.015089247238290816 0.028326142615868823 0.002524000941782269 0.00960695134898543 0.27091541878882286 0.02430579938857608 
0.7393092003038692 0.0026763518771958598 0.0452597694068485 0.06358400247431308 0.0012728075574025104 0.020905590425340122 0.1020605715808839 0.024931706374146878 
0.7341434962569279 2.3186640302664144E-4 0.10300166631381857 0.09971558925392328 0.014432944251409929 0.0030446708477248844 0.021058334322183583 0.02437143235098526 
0.9042556668049738 2.5759998361900033E-4 9.706200473460512E-4 0.04580690650740613 2.576070437219518E-4 0.005341644173456357 2.5796403959693604E-4 0.042851991399879844 
0.788413778765619 0.004918674895604997 0.026838020598879755 0.08081942552622562 0.017225666206307756 0.004395004952223141 0.031090196767204523 0.04629923228793514 
0.5255003704831595 0.015735224343753802 0.11604059711084778 0.10360718165984505 0.028288857590518343 0.0023921939834352208 0.16899457037978372 0.03944100444865656 
0.6216212909834726 0.0015319295919509611 0.0011706146077713356 0.09476226825319048 0.0010846299334017833 0.2765257024957858 0.0010091165517844972 0.0022944475826425985 
0.5576675740840296 0.041302538535009085 0.07112459637595796 0.06267442724340083 0.05389291552100176 0.05040684666736097 0.12197230422797203 0.04095879734526793 
0.570260427061165 0.026523745460450786 0.051904961717639704 0.036358002180372495 0.07393342208359831 0.06709761110885605 0.12497425499391385 0.048947575394003774 
0.7475966644329965 0.0990979170732012 0.07798963398046019 0.010924480157187067 0.013816356739258018 0.031140598777206707 0.011004142042602654 0.008430206797087777 
0.5839885077046211 3.126578946092501E-4 0.049726105801776464 0.02488411539822677 0.038351430967865474 9.992637614717537E-4 0.04432738276272246 0.2574105357087067 
0.531701586549054 0.017442613081566184 0.14700053376338798 0.03077448924127197 0.05530042372241733 0.025205989713930295 0.14455689107725578 0.04801747285111641 
0.6561186088161591 5.537914501519489E-4 0.028891266187385647 0.006321596747907514 0.038403598045141 0.0016373433496587667 0.2242261588536247 0.04384763654997137 
0.41262006992632105 0.033412750068541726 0.07979688980072466 0.02039394511841453 0.01647605135335298 0.1941486048448327 0.1776989284083263 0.06545276047948603 
0.4764320805644004 0.03522630950128997 0.020365521565415656 0.01243251379014443 0.009210223015686516 0.00756172869145066 0.4109295576434726 0.02784206522813973 
0.4467980144628653 0.03822836923789154 0.009182405024726139 0.01336222749391085 0.04986442456199476 0.012905189371733447 0.38165410167351815 0.0480052681733598 
0.8573049562574347 1.8390061306776723E-4 0.0033977331626260905 0.04062188035126953 0.008053768379908162 0.014093266700955492 1.8416051260888047E-4 0.0761603340221293 
0.3702805514744109 0.026096186635227378 0.17721849639383438 0.024026777647277783 0.13325640988630763 0.012615533995353706 0.03841054975326725 0.21809549421432078 
0.48956739996260906 0.006713164075354897 0.014296311937453322 0.0027503746149548872 0.015694486549350788 0.022339342511243292 0.44006406130615605 0.008574859042877643 
0.4212766754632106 0.0014244547447536107 0.027651762857323462 0.001425754441562731 9.241230279360177E-4 0.030704439161531587 0.5063712940744951 0.010221496229186885 
0.7759870617542889 3.4392628888655117E-4 7.649933155685009E-4 0.012192790136985808 0.06123464442372604 3.4402822030669034E-4 7.654325291990344E-4 0.1483671233310385 
0.40853349626368307 0.01904035103026914 0.1274061405305457 0.001476985460844492 0.0030568122941398343 0.007514492713658022 0.42350671664172657 0.009465005065133108 
0.4433918804506491 3.860503090130246E-4 0.12985154347621486 0.005182628330728419 0.038365710233722844 0.011846141702811378 0.329121008609287 0.04185503688757345 
0.7646687783406078 0.13129237861558749 0.0034408962694480526 4.6143458294321436E-4 4.610265810713674E-4 0.030036978513665106 0.06763267537667801 0.00200583171999901 
0.7176649138139255 0.09386101553414813 0.07043165585856122 9.660376748809647E-4 0.010596179115917191 0.030435988357733815 0.06921854814372488 0.006825661501108291 
0.42354271855559567 0.03403290696665449 0.09045685641095144 0.0014183519321637973 0.007518147493363588 0.007035466925991456 0.41945144219349695 0.016544109521782466 
0.5343932873994753 0.012751297288315044 0.03581925321021904 0.004990168535736309 0.03471904861132918 0.018711150074266488 0.3380241247840608 0.02059167009659785 
0.7600703052153109 3.0001836483241367E-4 0.11086795557082212 0.0017929931073888802 0.016633597529298414 0.038307565555285174 0.050181603205505985 0.021845961451556026 
0.5005493443290276 0.07121541903617674 0.3026412579183413 0.028096439210926007 2.2413585058048466E-4 9.035851658410237E-4 0.03909988624422948 0.05726993224487741 
0.6649938161706828 0.023015434782184433 0.013224414893432379 0.0025055468118234422 0.00447467992360673 0.0852305560459185 0.15860980075234649 0.04794575062000531 
0.5886066178739661 0.0353645078907237 0.02566893122877683 0.006098129325412011 0.0942826034194513 0.0763123230859609 0.05091856136517134 0.12274832581053796 
0.4975333694384196 0.008769323963794885 3.913391573985037E-4 0.058767771194465 0.03292883561005256 0.229185081279074 0.03993763128593826 0.13248664807085717 
0.38060861503790994 0.14610119270846456 0.0041851510741946416 0.2506655915352923 0.11620441913741245 0.04246158627462202 0.012337445392299707 0.0474359988398044 
0.5278410278026633 0.015839913813283944 0.048926189157409324 0.0308452096052842 0.018436671359481276 0.01502877087121202 0.33901282478800293 0.004069392602663087 
0.6682787614579246 3.0095946619839413E-4 0.06515601809388845 0.016426065842175618 0.051040496478454996 7.515729525236768E-4 0.058035436829636265 0.140010688879198 
0.5776791382622485 0.009731925037256622 0.019227701893318627 0.05962462303252041 0.11878485637690796 0.03386665627804631 0.0873319934208149 0.09375310569888652 
0.36521596848724297 0.05533860384216878 0.044409476518262686 4.1735726034210793E-4 4.169882317739361E-4 0.013245155557891776 0.5033814233289493 0.01757502677336833 
0.43009168397425085 1.677685419398479E-4 0.028404553837645632 0.18414025400033854 7.869099291598208E-4 0.3147351915836536 0.03995248451740455 0.001721153615607207 
0.4117338647602706 0.05244399222993739 0.0013833906349309168 0.1989700169088385 0.0038794488527576815 0.30553018895784867 0.022757127715727393 0.0033019699396889877 
0.6504571719608673 2.8386284480964684E-4 0.01241199959361383 0.07641688360756392 0.027928528792310985 0.009652232912289942 0.047602850496512986 0.17524646979203135 
0.6493841229294348 0.043279240495526464 0.0011391192137156902 0.15373189366844556 0.016079077976367415 0.005242971215815493 0.0472624495362726 0.08388112496442209 
0.6952667828873204 0.024162113552544745 0.1952281231324449 0.004852957257602537 0.021829318780706007 0.007730514474692481 0.0499044269286098 0.001025762986079196 
0.5327674066282921 0.11080281150785325 2.8081380882435123E-4 0.0013695401332417577 2.8058619465758263E-4 2.8066166144851117E-4 0.13178799025827478 0.2224301898074079 
0.7790063166328045 0.036812937578382346 0.07436736551621763 0.008805608790455534 0.003939468453680186 0.02638913697084267 0.04772614639763098 0.02295301965998608 
0.49425132416884093 0.025082627605440923 0.07050127777536164 0.26471025099583073 0.0058870409066176166 0.029140296904889906 0.025886344919005797 0.08454083672401246 
0.6275331071391528 0.014540032194994019 0.04879445801990085 0.01179377500456405 0.06949530166977677 0.017539339906527465 0.10414248390068721 0.10616150216439688 
0.7156190521427338 3.188578888650466E-4 0.0148721699753409 0.0076205299947762215 0.14404877667804 0.01486411210367045 3.1930851824367646E-4 0.10233719269833001 
0.6526762955754786 0.029338354414758107 0.09704882152296043 0.018415864167434823 0.05125755939836962 0.05715085831473359 0.06896181261460776 0.025150433991657083 
0.19474008969267773 0.022148646134068316 0.03478345636315538 0.42347793299734515 0.018953891896378857 0.03380830425633222 0.07090948842681775 0.20117819023322467 
0.5815356704749757 0.015272452639663396 0.046826876467581914 0.12101351976175424 0.0392477504659345 0.015804860714676832 0.018245805953842207 0.16205306352157126 
0.5842207570923827 0.0027249008850455587 0.16558592675421063 0.10034906684353495 0.07144422952876417 0.04875984930152938 0.024644059265498695 0.002271210329033802 
0.6042291284295102 0.001763867049993522 0.0032527191332535946 0.09644668043677974 0.005006218895150155 0.013612351127231826 0.012541442504613708 0.26314759242346725 
0.6133032287453892 0.01621102284978601 0.00764643501681995 0.19148857531833008 0.05720000684836009 0.0046588352113247035 0.043828360490029014 0.06566353551996086 
0.6995416889212498 0.01333133144743861 0.007443423177743893 0.03502226484999306 0.006104362293840157 0.06738918437323957 0.16695254679653285 0.004215198139961878 
0.7189617613914778 0.023447060647715377 0.004799720602206549 0.06527851324524868 0.0727193147346066 0.0340767806439024 0.07359974957578261 0.0071170991590598755 
0.44342606518874395 0.004439403562047732 0.05595807100150599 0.10224341366284849 0.08291596984331419 0.01505675960344199 0.02706032804154012 0.26889998909655755 
0.7581490568439605 0.0025140699589567377 0.009506703259747767 0.0028713625765678027 0.02798472531976238 0.009039519389303701 0.14949861249137703 0.04043595016032408 
0.8393619132670963 2.6993508651675227E-4 2.7016146457963495E-4 0.11085651445767787 2.699424846907515E-4 0.021785864153955413 2.703165752129875E-4 0.02691535251027029 
0.2675212225375577 0.015351643300369732 0.012002031159952095 0.2411712338727657 0.08225026065500714 0.01674365938353612 0.13961714651750443 0.22534280257330716 
0.5635849887135835 0.32312598200327836 0.017459862932677227 0.008923380590211992 0.03844173329935158 0.002866732326665138 0.037502094222842716 0.008095225911389312 
0.7184287316463404 0.003926752462608515 4.2125135087724136E-4 0.007089792956295302 4.209099047936903E-4 0.004651099205053936 0.0010632199499524347 0.26399824252407844 
0.6085282739402387 0.0303880490029396 0.04227716944965413 0.011462021764387504 0.041696420324529436 0.12037366751165715 0.09679193286537185 0.04848246514122183 
0.6942837331781041 2.8972698563192213E-4 0.03950413131313766 2.899913374761129E-4 0.005061503892900431 0.049460638194192344 0.15698678404882713 0.05412349104973049 
0.6509313176643123 8.255686305618324E-4 0.08653378189247418 0.13642252430673693 0.026347456848135775 0.0021921876110989795 0.06416143920357165 0.0325857238431083 
0.701333270443238 2.3394921520380907E-4 0.003522315721211314 0.17437194840617606 0.036185608154020214 0.03744009908774913 0.03299095647557781 0.01392185249682376 
0.8222318365929224 0.0014553057204582122 0.13409671432653794 4.242847647447933E-4 0.00268866278869412 0.0321512778463874 4.2449707143260877E-4 0.006527420888822378 
0.7271991946666485 0.00929161101973241 0.03468248554935468 0.13570918027200624 0.017764936739492105 0.015126948530790479 0.03005068819147637 0.030174955030499103 
0.610947509607829 0.044670155335383495 0.0066072108091847 0.005130553618614087 0.027497814144895737 0.01658057223598702 0.030487051607977104 0.2580791326401289 
0.6204654382848148 0.2139672093542453 0.005401236838823548 0.01335887393928864 0.0012180598147492208 3.9635806372132187E-4 0.07901514083369983 0.06617768287065731 
0.8863840588422317 0.020223603793866906 0.0048001298104969415 1.8942699295466787E-4 0.022375313342422674 0.03913264646450766 0.011905954057856391 0.014988866695662934 
0.8468474534038936 0.0383873216388126 3.356498327552119E-4 0.06896049549461065 0.0029918372353020277 0.022971307224672673 0.004937583715878527 0.014568351454074657 
0.5282035855005432 0.0032294217625290513 0.018202637146170784 0.04901554980794074 0.0896352266396739 0.03870106738483183 0.002277558201654741 0.2707349535566557 
0.5227792162464242 6.097113441891707E-4 0.07616060021181195 0.06622198341620707 0.0021034059803196714 0.3105523652232979 0.015908947462662075 0.005663770115088009 
0.4732661165050146 0.0010445819239898345 0.011849962722236197 0.0011533145120651608 0.003853012606084029 0.03375200692996197 0.33990880618510616 0.1351721986155421 
0.6269978923918164 0.018031735184411167 0.0235116978579825 0.07043971573323328 0.025058311114221687 0.00659156936136657 0.019505960668832503 0.20986311768813587 
0.7184437114631461 6.076251860164505E-4 0.023134977648434637 0.02939129987085898 0.18821160803191603 0.003362559493020812 0.006336883131365655 0.030511335175241145 
0.7287118835211662 0.04113580861662404 0.1263395504654389 0.006666017171962795 3.5487323091826E-4 0.022755173363345055 0.027150694621374337 0.04688599900917029 
0.8219831362614625 0.0035083355581167685 6.597788559008284E-4 0.028830995697194012 0.02677265928084697 0.012410084847484048 0.0022264442639631466 0.10360856523503188 
0.35770162584025084 0.131714692227176 0.021350029369055678 0.04745174484177552 0.01895607101014497 0.029790136139766176 0.0708471041695641 0.32218859640226666 
0.5383421188370777 0.07126230659320251 0.00846249923404906 0.0250249887054553 0.04953288218482291 0.09824378332954677 0.03657906630248466 0.17255235481336095 
0.4930645847368409 0.21917948219428024 0.1438709155268284 0.01693904899506296 3.598435736012125E-4 0.017074359778715218 0.06147616034333225 0.04803560485133889 
0.47775129557232515 0.05401462334708718 0.011686916132698302 0.08186239986388803 0.05139345164022681 0.02145361398713248 0.017701319537548228 0.28413637991909374 
0.5734524113027388 0.05397780394965193 0.004719618952220373 0.02362521741199215 0.012113759355200364 0.03283966016550833 3.8002273951077357E-4 0.2988915061231772 
0.512717801627029 0.00944029985710796 0.02611086828752575 0.021527312031977285 0.02591092811398872 0.008026468317150762 0.04795975329804114 0.34830656846717956 
0.34597242853260046 0.1851562397118459 0.08706075663242319 0.16963203728858986 0.010735545241007734 0.007429275357618642 0.12490533198327121 0.069108385252643 
0.7419510166870447 0.002886026216303058 0.021317144906309034 0.021505952603871722 0.10434258981428968 0.003505416068071796 0.003294720383946074 0.10119713332016408 
0.8316538593421202 0.08867322843602318 0.005604945870106497 0.006840290585934851 2.4861365344788056E-4 0.016308366142612652 2.489581861417982E-4 0.05042173778361285 
0.7257150789857107 0.028488519801943717 0.06694515173634977 7.909380559808609E-4 0.006143262938189629 0.025364109208578248 0.011107759756558123 0.13544517951668897 
0.6622244648306855 0.02759280100483224 0.010719446573877118 0.037065815501403566 0.0023298078882254356 0.07372196528347576 0.07051502227919293 0.11583067663830746 
0.5077988773584752 0.03460384220589846 0.12650892855275994 9.879538940346844E-4 0.03548365713783037 0.047314191590370897 0.06464242629242556 0.182660122968205 
0.3041582104593183 0.055186144660408845 0.07581968314980393 0.004603486499716682 0.00511434672813049 0.013390101796551467 0.1289615857854027 0.4127664409206677 
0.7922059528920772 0.006643267459473995 0.05094913259808245 0.08013225248399704 2.0896818137346244E-4 0.06560306783116183 2.0925777275138227E-4 0.004048100781082696 
0.7032268800305591 0.0018861675079280475 0.0021193256601403756 2.8197131836270133E-4 0.0040938240637961 0.24388959679062333 0.021983015983707915 0.022519218644882457 
0.541687941468019 0.07589402328683718 0.0052984628313680025 0.26611747954096093 0.0034067191853671373 0.07220276345797069 0.014224064194654579 0.021168546034822433 
0.8008220964743263 0.02056999451194866 0.03729974517637726 0.049000323228988854 0.0014034350011472697 0.018682727882068272 0.011766423831252797 0.060455253893890636 
0.7222779781816303 0.0318106997468998 0.02805849559231978 0.008958153892731474 0.026277747732631796 0.07074974988648737 0.05905285852245704 0.05281431644484253 
0.6753375767590469 0.009448431261085088 0.04016588123559906 0.001556510105221672 1.1305606015945023E-4 1.1308646784955656E-4 0.031450015293859 0.2418154428171793 
0.46413825085585536 0.06468207330509754 0.02462951821801717 0.36944148402697874 0.0240619790177242 0.011205629729249387 0.01413200590447955 0.02770905894259805 
0.36328400836184427 0.03263842200707409 0.012768754044101095 0.4652558487930228 0.028562263914358278 0.018696653273667638 0.06499289708683097 0.013801152519100902 
0.5186142661476965 0.025461625545982282 7.197295453795707E-4 0.3291509484027402 0.02953420590812279 0.021194731023254934 0.06411705594057637 0.011207437486247309 
0.39391776606289997 0.04178807662454506 0.05386129521523505 0.4671678319794716 0.004140185757167297 0.008739868597449785 0.025227346958371567 0.005157628804859713 
0.17007727559360844 0.041077332028182534 0.006140014903168206 0.571528404907602 0.07998612419524034 4.722689846310782E-4 0.12457956746339946 0.006139011924168003 
0.3350850030809343 0.023936156321507654 0.011523338079719541 0.5452144281275955 0.043913181015761985 0.017553183220691063 0.007759864038315889 0.015014846115474037 
0.3607185014857809 0.048675450708526365 0.011659416194265897 0.4687683103666292 0.03408289492128659 0.02884335883362638 0.004869950729932147 0.042382116759952536 
0.5385849805271433 0.04411079663188814 2.953865972131783E-4 0.22884028461311054 0.004322482624795266 0.10412441447098637 2.9555619061632653E-4 0.0794260983442466 
0.39692617212158965 0.04330444718830725 0.3068802752380227 0.0918644886700804 0.01935375669194801 0.100907282914228 0.026361223973364892 0.014402353202458924 
0.5149297235145684 3.6627554185231714E-4 0.0036787288668333846 0.3486499390055567 0.018843988899823173 0.04753797778038698 0.029890165798286582 0.036103200592692467 
0.40139701325149385 0.021544842081799163 0.008431078941323836 0.4295781140490786 0.021920115250139274 0.004137346462062173 0.032500734845011967 0.08049075511909139 
0.5471013284564663 0.016957488120882682 0.040021056961394 0.30951995892747663 0.01902948025895182 0.013103917623735079 0.01923157739932567 0.03503519225176774 
0.4221569355854186 0.03465204781734435 0.022686334034874443 0.3703774371740585 0.0808732654027173 0.04089611186511977 0.003516282595881897 0.024841585524584986 
0.6103837573813082 0.016047183382816663 0.012868159544207353 0.27205672617687765 0.011837349733008201 0.0304492836449996 0.023092294588976638 0.023265245547805655 
0.33658301332892976 0.008261601627222817 0.029966662478981405 0.5057955626102394 0.06332711708677745 0.002743768785604052 0.027145816441582996 0.026176457640661868 
0.2672667763548357 2.7456872496891416E-4 0.012632162585391803 0.3276770421430193 3.7579232907438337E-4 0.3516626217717002 0.014189295877392184 0.02592174021361735 
0.2097086197602284 0.08407337354114756 0.05449289591009734 0.413920099272327 0.18163055027094333 0.0019974417569515786 0.013142855792077076 0.04103416369622782 
0.6766952036836913 4.7017675273013196E-4 0.008624701512162256 0.255726868783961 0.009145628175866736 0.03166750854156245 0.003042135347325126 0.01462777720270113 
0.3914104431793909 0.02291163567842324 0.027355192880003557 0.46737614508285386 0.04416528576337146 0.008128964650874305 0.020502602534819486 0.018149730230263193 
0.5321988593290332 0.0033547164148136337 0.0040102782327699 0.24815245520704052 0.13538005901910152 0.03074217394906303 0.014983148197452346 0.031178309650725877 
0.4693150285372766 0.008384985051629554 0.009461155661300052 0.441605841228924 0.003090619102957184 0.03641906086074264 0.02580885244358534 0.005914457113584677 
0.5952673650174075 0.008314758596303267 0.003997596839578147 0.3279386095537854 0.006196919228092087 0.03545140979456471 0.01172152964621971 0.011111811324049342 
0.3628232689866375 0.049860426116349506 0.06506674838074865 0.3914521755010905 0.04280148185104324 0.058398095585241686 0.02341986448027449 0.006177939098614239 
0.4882134995315458 9.919076089386458E-4 0.04995643067040342 0.33751581164683264 0.03845525203416698 0.02498973531420591 0.05813596450379107 0.0017413986901155625 
0.5011221026169079 0.0019105874491951744 0.03425354018861563 0.32824084356548355 0.07798102501625248 0.02627318001893813 0.012280287832692032 0.017938433311914925 
0.28612675011356364 0.011273855359343166 0.0325789420528089 0.4053609533488467 0.19352659513583703 0.029279515446499583 0.025558197877365883 0.01629519066573493 
0.5249631622250246 0.026322813459214348 0.01518039067595863 0.28528263193623365 0.08000528292228394 0.031009347866823554 0.012824707806998112 0.02441166310746327 
0.2824171879664864 0.015492658843919042 0.05486392684214416 0.46313972805074266 0.07143908811174128 0.07301667048638132 0.027746722483312558 0.01188401721527272 
0.32166229369762955 0.031292684432674606 0.030802029346147453 0.30303624287623243 0.12995532830555864 0.021020179520772894 0.06987994300518727 0.09235129881579719 
0.4289732414303036 0.009883055250179561 0.007451374996323697 0.3882918907544604 0.03987635004249554 0.01985753236064859 0.03537861553896892 0.07028793962661972 
0.2523275229396318 0.0014540007342649089 0.4195593448378096 0.02099806056233572 2.3875506501665347E-4 0.28829294894602997 0.012677351648654933 0.004452015266256351 
0.542355094670614 0.02622505675460519 0.36221827432217835 0.005287375439460937 0.005806691382521261 0.00712631969419642 0.03650917385973383 0.014472013876689954 
0.5603483279882744 0.004529263287459457 0.38013729346938824 1.4268190254316775E-4 0.009452389729065704 0.005376415175245058 0.011474793081220064 0.02853883536680421 
0.4220277938916023 0.02617860512706374 0.4607004373467427 0.005260592017074443 2.408068675568063E-4 0.024243786377433622 0.04375633701889815 0.017591641353628156 
