0.0010155822242482427 0.3362939024915455 0.020311398426129394 0.003119881463935485 0.4612846540599359 0.0013871617131705914 1.2819296189459965E-6 0.17658613769141596 
0.03225027522004385 0.09972328958147163 0.03498927504072575 0.0732781962010666 0.5512929532713458 0.017630022921113812 0.0038573954257472044 0.18697859233848543 
0.006378357359401659 0.6498883508538218 0.029802233315522755 0.011901421768971304 0.1614894562415562 0.0069863746183701295 0.006651543927741308 0.12690226191461473 
0.2700937957492868 0.056592492927284146 0.03208591870025815 0.0035072516233512143 0.5383125152256815 0.04150216098125846 0.003751248571216093 0.05415461622166356 
0.038010887818358104 0.2524328378078648 0.012516564688719457 0.014196117070015847 0.5403587771312657 0.02379450052059789 0.01797301996039562 0.10071729500278258 
0.0474759563720331 0.0671138539358132 0.0026574498674796867 0.0023507960963354457 0.8273974166797254 0.009669939023258007 0.004428900377333979 0.03890568764802141 
0.003635170808660871 0.2852387903944307 0.1516756002976608 0.004053737616291169 0.20024147785299815 0.002078740317488964 0.0043980018748018355 0.3486784808376675 
0.025150351643569154 0.07132326775047236 0.136193333280819 0.05174737709615871 0.38579436205535944 0.06956364754950412 0.02835362267887736 0.23187403794523992 
0.009035192470356782 0.3458958373897715 0.08526251687771794 0.008740698242971743 0.5011505954062743 0.01195392928643335 0.009787591368658862 0.028173638957815512 
0.010645893280307815 0.44418578268294195 0.0019216352538692684 0.0023428359815727195 0.43797232894691956 0.005956589188155168 0.004736396361391247 0.0922385383048421 
0.14735942955673273 0.17739090914725913 0.004897264751017701 0.04431070706497949 0.48759859891042956 0.02742893190404814 0.01818098150892667 0.09283317715660648 
0.005790339856381863 0.4482583704518768 0.0011360417645603648 5.726971114380789E-4 0.447625912074562 6.027008825702139E-4 0.0010411789240769465 0.09497275893453357 
0.11454751474404849 0.16937923464314233 1.2407403283340261E-4 0.003991833740682778 0.5803805996217319 0.015633684456620535 0.02339663423556253 0.09254642452537798 
0.04448839889440335 0.2765958094747368 0.012138197302990619 0.025425087067931024 0.28255359543804276 0.01605851436211319 0.005221223735526468 0.3375191737242559 
0.009333146280011884 0.5252685226756056 0.037244403137137574 0.0015194945299707796 0.2030993853474157 0.029839150673163884 5.130715702484191E-6 0.193690766640992 
0.012277265514279366 0.14056529661788034 0.009485462132467886 0.005159472632699486 0.786107784854828 0.001425765392210629 5.479112829198881E-4 0.04443104157271474 
0.007632355676504903 0.4807192717554084 0.0062209744482307604 0.002983069305636838 0.4101670348046483 0.004039200829141834 0.004497912888232802 0.08374018029219607 
0.08098785382155202 0.21357795580248318 0.00964835729957298 0.029152329788910927 0.29526844348390335 0.021628664597929764 0.11448234733472168 0.235254047870926 
0.01630451102469017 0.4158286521117339 0.02720697959564943 9.869055922620258E-4 0.457150290406874 0.03447955944553746 0.0018845731894799199 0.046158528633773156 
4.274690958564151E-6 0.18261190610057754 0.038401245123844525 0.015810086894646868 0.7222996036174335 0.005070856120475219 9.539621161202101E-6 0.03579248783090239 
0.06080936480641512 0.22440485526775628 0.017845292130432226 3.259003244486029E-5 0.5945461426971647 0.0024070093454462912 0.002906968172919827 0.09704777754742062 
0.16177324649314218 0.02877236202397451 7.99111767271399E-5 1.8439113272999304E-4 0.6542052427014118 0.04357207003484287 0.006847931090789049 0.10456484534638254 
0.1016415917500162 0.26394466977082587 0.0017974569000206552 0.01835939913075045 0.47930842602023827 0.033502053391383305 0.0018237762395543436 0.09962262679721093 
0.009367698029897268 0.612751552342014 0.017053949842891325 0.0201195343087429 0.2452177945404208 0.00975136519973434 0.007157811810647397 0.07858029392565191 
0.09691355673676823 0.21732594602683597 0.03809504154875205 0.13375941901157498 0.37416225435645406 0.09764136737888682 0.0012717281482352261 0.040830686792492334 
0.09646905106155487 0.1585736952908276 0.1505997647879587 0.050413497376953116 0.4289425104931005 0.033945334426003754 0.010726231246412171 0.07032991531718953 
0.039233527007208946 0.03046196399244813 8.507704780351957E-4 1.218444377164643E-4 0.8252552562501793 0.028570930703567726 0.012635120038477185 0.06287058709236729 
1.986312203407052E-4 0.5018966850341161 0.003545215369713085 0.001590779969442169 0.44205301682478515 3.1692575497797913E-4 0.003655875091106246 0.0467428707355185 
0.013822288671485225 0.5016773937226493 0.03768307905811179 0.010038196534911207 0.298318297117381 0.003765883173870797 7.828548240915298E-4 0.1339120068974993 
0.009678228554353477 0.24183310721425436 0.008296378197756141 0.01006077809132336 0.6445589860198601 0.005866418941159526 0.0027377882337372727 0.07696831474755565 
0.015305199697285853 0.058639674666465934 0.035473508506705914 0.4584208168868454 0.31884586557328076 0.004651740910697999 0.027865676730580873 0.0807975170281374 
0.035293658562045103 0.036690666078283654 0.008378231160697998 0.02453033657193647 0.7150864348180489 0.055034717171969956 0.02293952730792783 0.10204642832909007 
0.02668818573491485 0.019336242511797674 0.001303200287082114 0.0031690901770087565 0.9002667866538523 0.001642796847668788 0.03297570678926739 0.014617990998407986 
0.07241853566122096 0.017082221180710608 0.05105172402275754 0.027606241290361308 0.7999868996763678 0.020581008010739338 0.0024430392876972993 0.008830330870145104 
0.10697201886819378 0.008884657730234032 0.11980522847395093 0.02743907910353282 0.6456010161843008 0.08430013372800575 0.0027883940962304416 0.004209471815551455 
0.037621576323572416 0.014600134151896349 0.008146222790789536 0.055816769127918275 0.7793190852540521 0.03619176821556291 0.012573951567497282 0.05573049256871118 
0.015032871353938663 0.05688669410945883 0.004100820552561988 0.03748809435194249 0.7717591623647129 0.0613409807152426 9.99388680415623E-4 0.05239198787172711 
0.20588395966764692 0.013671744814018635 0.008411306386116221 0.0111133002905239 0.6397696306435603 0.05805903008634643 0.017897481152585496 0.04519354695920219 
0.07684384933845013 0.011036086366970854 3.3634314055528916E-4 0.040041117526447664 0.6059366341726291 0.07062929141897774 0.016332001886886757 0.1788446761490821 
0.01689110960065236 0.0187307541705202 0.008586771989098496 0.4163761454289102 0.5039772155936426 0.025047991193008972 5.252279524064505E-4 0.009864784071760715 
0.15087308570752572 0.014888002283179927 1.4192267965594927E-6 0.050081152926428035 0.711726348485954 0.05299194113518009 3.785298287770706E-4 0.019059520406158763 
0.019668019596618173 0.02012664442486177 0.0010513044291480616 0.048974085498562914 0.8320417221008004 0.02424798950593253 0.014537204854277189 0.03935302958979878 
0.16698044361114817 0.02332494112794136 0.019756110546604973 0.03909840463531173 0.6564855978883267 0.022314983135612542 0.04174625391493282 0.030293265140121615 
0.09415517869325574 0.003105312359158666 0.005056084541324016 0.02458547386350943 0.7166048187479792 0.07121458928875062 0.02176844688630469 0.06351009561971757 
0.20403267630678876 0.05926469443793294 5.524143134821167E-4 0.18396753293028761 0.2610756853275379 0.17691966786872965 0.023070484995855737 0.09111684381938526 
0.39266110884613015 0.0060430228898494835 0.00586135943143675 0.004698593382568586 0.4320985368758719 0.055893999048790145 0.05536363100928842 0.047379748516064565 
0.038517189877969475 0.042691845571536255 0.004723522032895953 0.015450828507004518 0.8423935729509034 0.020771315492871797 0.005761358697808774 0.029690366869009964 
0.03354142372952607 0.0036999492559267612 0.013715277543084853 0.012383894907282568 0.8807295568013549 0.031737698819017716 0.007792962951805039 0.016399235992002322 
0.041287429127933456 0.004795771744741635 0.011862345807239622 0.006803033535108419 0.8067717263081066 0.02792528809268973 0.07120438530083327 0.029350020083347413 
0.10554202244202986 0.004751443756217413 0.005105792177711865 0.002444719528415107 0.7774748465961832 0.045618335422690545 0.010196654248975118 0.04886618582777685 
0.2766230363771734 0.021250251134213072 0.20390557708064108 0.04925769775388433 0.31441219765598166 0.0731984145110665 1.5521799070310107E-4 0.0611976074963369 
0.17347836701649594 0.006462066790704216 0.0022506794015320804 0.024176301067316382 0.618493655006625 0.14267446652496382 0.014979201273926962 0.017485262918435666 
0.1227367731392128 0.0011919335619087776 0.00397573395953341 0.006040999569315782 0.7949879877942838 0.03868190725230856 0.013054374491382045 0.019330290232054785 
0.0646740801090879 0.001317287153783234 0.007461797416628128 1.1249666459477621E-4 0.8997644988220692 0.003947038896052285 2.294929410095085E-4 0.022493307996775083 
0.17305934372525136 0.024987963921887197 0.016376552620946172 0.04318230630169593 0.7258986389817577 0.01229308724940086 7.0584885441561E-5 0.004131522313619312 
0.07655041497141815 0.003657136109865459 2.2323959554585377E-6 0.0039022345712681466 0.839905040927179 0.002413414800052831 5.042983040136602E-4 0.07306522792024689 
0.02234432721432201 0.009668658186331485 0.0015553095948109706 0.0992321434999904 0.7557721237609701 0.028793153088446294 0.009272475701326263 0.07336180895380219 
0.041648313780369435 0.003736713600552366 0.0024236156373753375 0.0028149928125979816 0.9368792332317507 4.9427448597928626E-5 3.197268499632602E-4 0.012127976638792991 
0.1421500560801992 0.03228410610959852 0.006868530610510025 0.016357193168506704 0.7011280855441633 0.03810275088996462 0.004629291619595275 0.0584799859774624 
0.05344347628826988 0.008428037242821061 2.463826100543809E-4 0.008456098897253763 0.8395670383246325 0.015896049765974432 0.039927528215433286 0.03403538865556056 
1.8268665420184284E-4 0.05529247362728281 3.8925984825502694E-5 0.29301748728050464 0.5235848256809679 0.1268659967277847 1.236574447834086E-4 8.939465996490467E-4 
0.006427531220160692 0.06910324785364816 0.002688577314973609 0.04406835078980555 0.8100484842171718 0.045396597030950316 0.017444617195536055 0.004822594377753573 
0.0071185740499980915 0.33351193898356046 0.07563058281742599 0.2752909022999801 0.2525025782009742 0.04614089604573415 0.0077704316970957895 0.00203409590523118 
0.004516917093430077 0.10867571849579538 0.05355229506973097 0.47356548984213 0.3160806768402746 0.041294331044473234 0.0017594230420583078 5.551485721074086E-4 
0.0030549003887956885 0.014892985084336296 2.866988760445895E-7 0.03485963834739883 0.8396151437691071 0.01682264312076727 0.00784319120371146 0.08291121138700747 
0.022666092345917863 0.2295990485840128 0.12682844443064878 0.03374117433201313 0.5226582695339684 0.010375322596838342 0.009485983165492796 0.04464566501110777 
0.044803896804753884 0.10523547287308065 0.06590943829915696 0.04072227680300172 0.6170134580246709 0.041018273420243126 0.04478614305050885 0.04051104072458396 
0.035119752428661555 0.03360354176015215 2.5310403499144456E-4 0.3114219629414293 0.5428168428740734 0.059737016171612305 0.00896904747134119 0.008078732317738679 
0.0016064277524129912 0.06004170313661496 0.0038198685758379647 0.025291948301515706 0.8358292829688763 0.017182773683007118 0.010190866746530077 0.04603712883520501 
6.480998875083122E-4 0.026418043049317805 0.003235336035175476 0.1031900079002331 0.8043594070812037 0.04898497632465624 0.004523969060412632 0.00864016066149271 
0.061088251006410244 0.11103765200180854 0.011334875660053907 0.044461536687748535 0.5895458767206547 0.02488002423565213 0.04132537862462006 0.11632640506305192 
0.01731460336660669 0.028540829966412613 3.189879694732572E-4 0.01974753453124951 0.7626404856794422 0.03081606698752813 0.008636303190336753 0.1319851883089509 
0.009216061086737368 0.10253126320253984 0.003307373876736108 0.06590786713903149 0.6677908640881506 0.028471530455662662 0.013456603619138112 0.10931843653200386 
0.02610459588956219 0.20415280165688027 0.005018328782544755 0.025887950207915716 0.7102271601164718 0.003991487290188419 0.0038257276832125153 0.020791948373224563 
0.06409160564746857 0.035215531403917796 0.06558195094912332 0.2149432111230924 0.26171680060060765 0.09628987110870338 0.18258259029436225 0.07957843887272449 
0.006743217848436294 0.11271626281506371 0.0011462386441887893 0.23120684597661337 0.5506742483771826 0.06171523822369089 0.029758068812261305 0.006039879302563145 
7.374233694183065E-4 0.0647721751249319 6.408884490020324E-5 0.0764518048202778 0.7882970648040505 0.06084321746653103 5.963735136585405E-4 0.008237852056231733 
0.04151985496358236 0.036658481586356484 0.0070047907594209605 0.007990396228646031 0.8140280980538634 0.006524614198935667 0.020358865695413172 0.06591489851378216 
2.8135897698834116E-5 0.002658089124894472 4.26062216700956E-7 0.04081600803888341 0.9481079001464314 0.003508969145586696 0.0011393939995630819 0.0037410775847252766 
0.006708664981138969 0.0584290062017938 1.549307111456439E-6 0.41395267836973865 0.279954996064834 0.18277171050729166 0.010127172706785861 0.04805422186130555 
0.09266175652453605 0.038987119898287494 0.004719748983814844 0.05019224914382954 0.6450713928008579 0.0386969101163038 0.015549039283319936 0.11412178324905012 
1.1916916920487221E-4 0.016294890103524088 0.004048727183882115 0.13929432730046057 0.8099591613463145 0.028685110522143707 0.0011199847165072148 4.786296579629842E-4 
6.853259650236004E-4 0.02865344040018001 1.7464571502626657E-5 0.03338732760833812 0.9190248973556877 0.017134586746639372 3.879382584986937E-4 7.090190941299794E-4 
0.00500806139473932 0.2405106284051719 0.05482767373007492 0.22537776223652922 0.2298464859076216 0.20997515579289103 0.011700015161886077 0.022754217371085985 
0.021195561602628265 0.05889739363201169 4.365340805467261E-4 0.2683834904250275 0.5117718884724894 0.09787601224370956 0.0033690884549370907 0.038070031088649744 
0.010149207362256331 0.053852113344640344 2.0925385401607965E-7 0.05200788187980817 0.7198455472825626 0.02032564587314055 0.008297689901345674 0.13552170510239228 
2.4416834091885154E-4 0.045546701380707884 0.02084903997612353 0.6258712335852487 0.10327043877421287 0.2037327556702923 4.058273565240485E-4 7.983491597183201E-5 
0.07012864942726117 0.012550571331455818 2.0578362661501158E-4 0.07587284483678687 0.6997528094619047 0.10722476071526169 0.020060717446340474 0.0142038631543743 
0.16617149411490906 0.11947798247909497 0.04392272177598471 0.10912075405277648 0.2886176503023909 0.06719356622423553 0.08100500969216448 0.12449082135844378 
0.011755858147143214 0.2477676212459316 0.006566459806286263 0.06613424398458495 0.3539081961677635 0.08729799512285794 0.020279116694249213 0.20629050883118324 
0.0019299756532984952 0.021472714841225527 0.003018185449971692 0.02199740521743961 0.908548668711987 0.003889439981504445 0.010663578479499695 0.02848003166507353 
0.0165083028948522 0.04839986972783301 3.1562711759104846E-9 0.16858683167183466 0.6542426228929396 0.0070285531993670245 0.02985094619493402 0.07538287026196817 
0.024749074948220037 0.013699707763045637 0.0025394728429923006 0.005768476432093082 0.3783291381040836 0.015567011524439421 0.025638020836114803 0.5337090975490112 
0.19431948496093715 0.06119949478656889 3.9992257953448874E-4 0.060257786657158544 0.4334378083608036 0.06890415138466748 0.005658377833997915 0.17582297343633188 
0.02970284159617887 0.04196643282530091 6.228691180347227E-4 0.0035795345787290223 0.5747534431884609 0.031159805143024796 0.02607539038421292 0.2921396831660579 
0.17403629700497442 0.003836083328560831 2.0296147939898637E-4 8.508951556606498E-4 0.5470751172500207 0.016881293683640636 0.004339258275386599 0.252778093822357 
0.010628160075127 0.0043421577570032475 2.4301952547400823E-9 9.773346313840668E-5 0.9386916521555454 6.495335052932022E-4 0.023217645250357584 0.022373115363339843 
0.1022725602049436 0.03229071232978778 2.2419363969892388E-4 0.02812027480731661 0.46829415547605513 0.0030559762707932244 0.02319792149029876 0.342544205781106 
0.02900822562046837 0.006477183992754858 0.006514414641572228 0.0016767262410762652 0.24809149156585517 0.013777376564911419 0.028748531142888122 0.6657060502304734 
0.06901636635854047 0.008578578171235612 5.693857458378247E-7 0.004215378751655543 0.7820634273667264 0.049785907433642515 0.005711938703512667 0.08062783382894087 
0.07806292427571751 0.006674132353528961 3.452295487717286E-7 0.03300103802576769 0.6209781066360621 0.09398962165592865 0.007958193519719749 0.15933563830372663 
0.004483800644277874 0.03682118261217844 0.0052025389967323785 0.012182605435457395 0.7325822470198673 0.0031417107357194487 0.06761971546900458 0.13796619908676266 
0.15133163253116041 0.03276786445102203 0.0024689307400614247 0.05043354902062273 0.4258926814071718 0.0375934481461773 0.04593273021925565 0.2535791634845289 
0.009036086390901815 0.01326304564303023 3.049198376675879E-4 0.0025142817516570523 0.4744108736077488 0.0021191510281396617 0.02912773621314333 0.4692239055277115 
0.006733530812067595 0.03560424699747688 0.002622708697608545 0.006968183334230219 0.7842369354236566 0.020138106375961546 0.04656114419666471 0.09713514416233386 
0.22039714506241823 0.02277632592019616 1.9747953373406405E-4 0.0011428259400065835 0.20291191446438905 0.0020026918990114465 0.001482706114622378 0.5490889110656221 
0.1484951057180642 0.06840783335002194 0.010270917057319046 0.04178995281570068 0.19997807439391757 0.11949155493358202 0.006268325277112935 0.4052982364542818 
0.029277635199705894 0.02671553919443142 0.018876912221931715 0.00469203242526496 0.7472842846198642 0.040519621081806796 0.02727350768422514 0.1053604675727702 
0.132820639950154 0.037411828208738444 1.2835432944323038E-4 0.017788122546234356 0.5792357965441196 0.012642239996797944 0.03876696692735627 0.1812060514971563 
0.014823973869148533 0.011856334350775273 1.2920352701758691E-6 0.022089641661418326 0.8697971192127093 0.009138174194087592 0.006345224437454524 0.06594824023913624 
0.09232528312165195 0.02391340793555294 2.3540998070815177E-4 0.012694014606626442 0.5739926601157271 0.030048449808939434 0.0062198831492181715 0.26057089128157584 
0.03561051241346672 0.017344976711945608 6.457725074265414E-7 0.008469360706010913 0.581139800788731 0.006304897445393832 0.03307377594787475 0.31805603021406975 
0.15045952783554037 0.009092810990806511 5.329539693782435E-7 2.6287598687107778E-6 0.6019003767786014 0.1052655184923992 0.001959691701128183 0.13131891248768635 
0.025160339813086772 0.03058004880342527 0.004408720297552861 0.002312025582533848 0.40749289473429245 0.021103505312480817 0.02031800376877512 0.48862446168785273 
0.15317957845587193 0.029004289258185427 0.006378645977464236 0.00909180166995345 0.4904810160534596 0.023476280397208425 0.04201269092241991 0.24637569726543712 
0.08500015616866287 0.014605341294616178 1.2546481545203344E-4 0.003078403708326574 0.8173145454668366 0.009120014047336667 0.006100673170238347 0.06465540132853073 
0.005642264636681249 0.012538220514909758 9.26398903615633E-10 9.2161244430388E-4 0.9634595667872333 0.001344896709954393 1.5518991818986888E-4 0.015938248062328703 
0.05157655432463546 0.03723330278769843 1.2840356898235594E-5 0.020141192748931308 0.6251009297266898 0.03485910534234995 0.009777775186298812 0.22129829952649807 
0.03296651384535519 0.032772500020751105 0.001568132073610857 1.0355361997246486E-5 0.6451509503582035 0.013617035373899094 0.008749682560001203 0.2651648304061817 
0.02466420444650968 0.024164661365806743 0.07709967636833599 0.0021330481227176605 0.8463440654296549 0.016883815520674677 0.004394945738158264 0.004315583008142034 
0.1036354976824067 0.22451077632977992 0.3161321278364147 0.06506992528035344 0.043779620315677406 0.05180951613023449 0.0712838239141595 0.1237787125109739 
0.09214903664854794 0.15222848848603523 0.2681624867356175 0.15053632616242196 0.05618905978395045 0.024459456075446806 0.050641353713087735 0.20563379239489235 
0.23158121014299957 0.04038059131348418 0.10010942604938958 0.014484575870968436 0.17426379117953453 0.016034408311993167 0.3683960163209918 0.05474998081063888 
0.00535466680251443 0.008057714825712327 0.9256858414719024 0.02619701208931046 0.016533322098420518 0.0064594506999779994 0.011187264173836968 5.247278383254173E-4 
0.27846847312898904 0.08616212839918774 0.21397297924673148 0.03249772926369742 0.06634309448943196 0.015080658967652228 0.10118507321811687 0.20628986328619336 
0.02005726255642954 0.02508397642124041 0.8268857502705276 0.0043567249789983175 0.025517451271566297 0.02633070251305731 0.03953341123203658 0.032234720756143996 
0.13796634096550894 0.030478725725701945 0.5912999211728865 0.03496251705073983 0.0091197905097155 0.0520516524442288 0.06184512684781569 0.08227592528340269 
0.00670487929225914 0.0062695841546764565 0.8825418420806688 0.02334171951251089 0.03165898622640894 0.0015307759997112277 0.01954826461485071 0.02840394811891401 
0.009456614328874072 0.004432143775088624 0.8482616630832679 0.021750845024162288 0.014005331096778975 0.0012559418947707803 0.029091719098951998 0.07174574169810523 
0.07050437386029318 0.25237609694320995 0.12433690638884955 0.10843689989075625 0.34477066633264847 0.01304034766678966 0.04780092706178266 0.03873378185567018 
0.283224007414382 0.013805893482558207 0.34762096208636584 0.19466197776003433 0.09820931813147427 0.0052996586998490915 0.034444549864054035 0.022733632561282146 
0.016939134533094743 0.0027904139427212924 0.9112784613328034 6.247561232163592E-4 0.014090586464201232 0.0014923717628368596 0.024725827409144686 0.02805844843198187 
0.011060257710169758 0.0037462072965195655 0.9499769251892779 5.394004524001215E-4 0.02263578664175202 3.602791816184111E-5 0.012002935774798135 2.459016920568535E-6 
0.001230068222243216 0.010627656202339129 0.9308005234169585 0.010669138461248326 0.015253857952492067 0.0034897267890142544 0.027436738638880947 4.922903168236342E-4 
0.058212413576027695 0.005102416124091388 0.8249543333847561 0.0020763946728749095 0.037544194916401055 2.652774243103226E-5 0.03513610433140609 0.03694761525201176 
0.04815462106269965 0.00541718131063613 0.8166182960852558 0.017039494169942347 0.015658084591919745 0.004464418445497949 0.017988617572216682 0.07465928676183198 
0.050439943970617754 0.00113140750084963 0.07092010786972054 0.0014386763437061669 0.6527356793411366 9.94310225323641E-5 0.14371175390339777 0.07952300004803922 
0.22985670821835788 0.010319788081758813 0.12216474390018317 0.024904053666456122 0.33939799443137764 0.0017276622232142698 0.1121195103379264 0.1595095391407259 
0.09691791553471363 0.017039861952021236 0.4448863610518342 0.005531453235755522 0.050151238053441335 1.4889187701704444E-4 0.08002196433045278 0.30530231396476437 
0.00827801942877735 0.0024710207431864533 0.9395680321737823 0.004660716647819322 0.010522675089893765 0.002197517022403982 0.021666311670518048 0.010635707223618713 
0.30937271058221316 0.11464759322667854 0.2717837509085883 0.010809520756362679 0.16820638782255468 2.219908609712654E-4 0.06796482004679794 0.056993225795833394 
0.34117576466995014 0.020676834601199356 0.2694658671319884 0.005832445712706282 0.11664034197819578 0.009136783656358463 0.17753139537027507 0.059540566879326455 
0.023046489236215224 0.19633174870336959 0.5936371994922877 0.0037652482908570677 0.14326953215027505 8.369127658755273E-4 0.011066963663290278 0.02804590569782941 
0.08378434139036472 0.433067393930101 0.3522651910688673 0.014431884986008694 0.06388487354941054 0.005660376161664119 0.01900364396263213 0.02790229495095152 
0.010845697303203118 0.18097608772725435 0.3900031558120779 0.04325192483075912 0.2719798641196919 0.008684433014449523 0.061651486090475306 0.032607351102088726 
0.07117843817685741 0.019821574400890406 0.151139666685335 0.08135604184291804 0.2597596323503299 0.1344481325670376 0.2738215846051674 0.008474929371464232 
0.03388189600293141 7.132443876000525E-4 0.9111028065138966 0.005143713591891173 0.016202338860977945 0.012917869733861742 0.017714394753089596 0.0023237361557516155 
0.007802221348080786 0.005275448439502643 0.9294184326238645 0.008560038863594636 0.018771589958522718 0.008395065702077502 0.020191828436829474 0.0015853746275278037 
0.11278181028917145 0.03136539704030419 0.31303408224936924 0.18312045702114071 0.07021783805723847 0.05913774107311657 0.10141161629416584 0.12893105797549342 
0.012224586508714315 0.006582926997520908 0.8447670757090501 1.6125517045023252E-6 0.033698849201490515 6.366653716458946E-5 0.02516066577345744 0.07750061672089763 
0.2220019367525876 0.040572421570361394 0.04536695039106156 0.051625060330914234 0.5968503350643941 0.0184947933678756 0.0010930179090024633 0.0239954846138029 
0.11150979785687987 0.0366513104066631 0.160659525954353 0.002215246141956926 0.6309195717665276 0.02866614129124204 0.029167510073620524 2.1089650875708626E-4 
0.06717121360831896 0.18019853523450258 0.004753226458845576 0.038554100942682475 0.5963132699013467 0.011873240712697568 0.0015647237504406236 0.09957168939116535 
0.045553726531694996 0.20261086455152758 0.05318887957663088 0.034690390533128966 0.5114531578272193 0.028883129360611937 0.05866694092401367 0.06495291069517267 
0.24319133514917457 0.016765627611992195 0.0011013988538243185 0.006397802349972901 0.6193167306759894 0.0035879299599519934 0.026384693637403655 0.0832544817616909 
0.05028794638516243 0.15975416583504443 0.026946359021139423 0.005679258402100562 0.6753076572299557 0.003218361389864797 0.006783495021349015 0.07202275671538357 
0.1493112744612149 0.03630115074827944 0.015743291647443692 7.272851973543034E-4 0.6229922115032215 0.00469910553782504 0.028790763165296957 0.14143491773936423 
0.042302686798569494 0.01873704042206166 0.011856818641335537 7.323223646657278E-4 0.9248391006259847 0.0010583810651798066 9.141298931927098E-6 4.645087832716586E-4 
0.25972731287713996 0.10451477083806436 0.006426579591495004 0.04479698591379822 0.21980251553521196 0.02559886176039944 0.0647652034113179 0.2743677700725732 
0.14154749485989793 0.11576941220839634 0.004072694713032311 0.04869008031115612 0.6369649890937165 0.0465156140268127 2.174661397612421E-6 0.0064375401255904185 
0.31438755306617716 0.040452054926603774 0.047426582747227185 0.18556772614114536 0.13674420010353378 0.026450746493016285 0.09088511649271748 0.15808602002957875 
0.03650067250291021 0.041003656406004584 0.016303545753245833 0.02285665660340926 0.8495596835192293 0.004955298039887124 0.017671448705775247 0.011149038469537974 
0.15715569464910428 0.23520656494833497 0.0037521580410253444 0.05500656823010177 0.35806076668952447 0.0985938391653093 0.01650723685597717 0.07571717142062288 
0.4401810125955661 0.03040211962743908 0.019135346733337086 0.03787099875256501 0.4192554692120448 0.019606338720750866 0.0055286553660583125 0.02802005899223878 
0.05986431135479351 0.28282727535796914 0.0037360645992971816 0.031325039050284324 0.49547590530153185 0.02924205984332974 0.014326888534887844 0.08320245595790657 
0.08015408617259759 0.017843976763987954 0.045161808236005 0.03986784589462532 0.6348153689132082 0.10316995843274256 0.02088023109022425 0.058106724496609016 
0.10244593726553838 0.058090184976898634 0.001259446914818259 0.02663651625097539 0.44719109487353065 0.019919946248624663 0.04665871469923955 0.29779815877037435 
0.23989303501287357 0.036900978854888924 6.688242139714552E-4 0.0608577535191298 0.513440400416701 1.1053415703703622E-4 7.86608154558977E-6 0.1481206077438526 
0.10529209648441488 0.42301439129197327 0.018940859507568134 0.14033878350282614 0.21482932082930978 0.07312016649530047 0.0029798987384695463 0.02148448315013771 
0.094927918291324 0.06178790382430405 0.004028814776817502 0.021165086999806144 0.5334878697585986 0.011759391502584097 0.026168975169193594 0.2466740396773719 
0.004471628444545906 0.040768676191272765 7.717916241821594E-10 4.546601589654392E-7 0.950515769940612 9.48622423308513E-7 0.00423917959111473 3.3417780806252336E-6 
0.01378158817126983 0.13022612282046292 5.240507050576068E-4 0.06155958591592087 0.6486636185070939 0.0638650839486944 0.04059152042719705 0.0407884295043034 
0.02443218839377125 0.007030536000877276 8.856067512731188E-4 0.015364409518847178 0.8666308257355465 0.007977198080655543 0.0037812866462989293 0.07389794887273023 
0.03743335700150276 0.07252536253959872 0.0037715735258209977 0.004422456273785055 0.7888426889875586 0.005442385052976944 0.029558166410284987 0.058004010208472026 
0.07557618226591911 0.05414926051254935 3.730156252457071E-6 0.004596018266675398 0.7350727068058146 0.014169229996178026 0.015893947506814537 0.1005389244897966 
0.09988108296818568 0.1301420160227769 0.13161084422199992 8.594888891901931E-4 0.5293053500060433 3.842330678208596E-4 0.001373988254897512 0.10644299656908565 
0.28562004725648676 0.04561037163928396 0.0034469901284297074 0.016800480834877972 0.54259677570622 0.008145385347452756 0.004733590395270313 0.09304635869197836 
0.041141268543955 0.05080169936829969 0.0032920308481831674 0.009266323989934044 0.8218786984174732 0.01612757323770772 8.916071930613206E-4 0.056600798401385696 
0.39245546325417513 0.009501382626917833 0.02477788178668732 0.011260992514773738 0.5524936899644088 7.083613668315444E-4 7.668889530328362E-4 0.008035339533172713 
0.07300838687910427 0.11977846280342061 0.03691949449240225 0.05529528870193373 0.5698481165416378 0.044616611196103405 0.0074642144508665145 0.09306942493453135 
0.013302171548043902 0.27555026573575075 0.005404654545869933 0.04617990259714864 0.5423793602496623 0.022173489593108244 0.030329156134827912 0.0646809995955883 
0.0026968834846662856 0.00516043685050151 3.380316267426081E-9 0.0051644292153363806 0.9052590577175766 8.60585914530438E-4 0.0300253932969552 0.050833210140117296 
0.035169429790334494 0.1140581817726167 0.004508511065184753 0.03889325573588127 0.6299565384799228 0.033062066646858096 0.04927963071966979 0.09507238578953214 
0.022726449771264905 0.04568858146560342 2.392298958077608E-6 0.034943445724410445 0.7705124471135316 0.03502724198007922 0.04993038339576846 0.04116905825038393 
0.033473792612384305 0.19902636496012274 4.3413996633279286E-4 0.07048418621817656 0.6246348292924769 0.015731053469607608 0.01175487731648347 0.044460756164415624 
0.27305838916727854 0.07693348920920637 0.14159200812453274 0.014123633959480741 0.4655278838317316 0.0140276331545687 0.010825920877660029 0.003911041675541367 
0.034297881291820126 0.12583170758036055 0.04768498923460366 0.008036595964924141 0.3418852004649679 0.005221799117360382 0.008307526463653089 0.42873429988230993 
0.0911925128742852 0.22491051902811693 0.0025021753851191954 0.05531862507723766 0.42506028009905056 0.10236172938040469 0.010046870465517454 0.08860728769026821 
0.21991498492260866 0.14838655884106358 0.002212850424690489 0.21046176409090367 0.26522188764761867 0.0353624878974274 0.039826837835181726 0.07861262834050582 
0.06903889314490014 0.01730608438554248 0.008246601573797923 4.2882122195037504E-4 0.8423070028912432 0.005597943620047046 0.03912856861343907 0.017946084549079897 
0.03572113207914194 0.3844641762892274 0.015064655632036184 0.16120179552044658 0.2672967687195398 0.03423953233067319 0.024869547961250904 0.07714239146768392 
0.03428479686470277 0.18328401046025616 0.003723385597034269 1.7210616513916024E-4 0.6890392892473685 0.0036240245134897407 0.0173324550801614 0.0685399320718478 
0.011702276390129948 0.2144795833248376 0.05099274366082809 0.17257047077556714 0.39047723240856935 0.015889154618375537 0.0961558916428481 0.04773264717884423 
0.2776307194113369 0.025355334453477554 0.03187990228180477 0.015069016351705255 0.13224022680660416 0.05507920032445048 0.12008544003878195 0.3426601603318389 
0.021904287709090964 0.17891753611576602 0.009769392236132397 0.02487592052243328 0.6058209106358705 0.06111508220850653 0.023100234376517467 0.07449663619568243 
0.014030759488918914 0.11808656618338265 0.013655983050972471 0.015623037040652392 0.7622937710061607 0.016476770798651928 0.01916477557216143 0.04066833685909944 
0.09025802777244704 0.3073648766121232 0.0020501953261959603 0.007259498832656612 0.4424448024430536 0.01942490640201002 0.009177919266885203 0.12201977334462806 
0.11512856742515327 0.05548325866393044 0.01114717128355097 0.006318707211616389 0.5893739357114898 1.9319070321874602E-4 0.0828887061812631 0.1394664628197774 
0.12842174758897162 0.23420793253941458 7.958722245860679E-4 0.02329571551518879 0.43059607094757113 0.043110837815428384 0.03136984971728926 0.10820197365155014 
0.18591904743263254 0.2917153302237382 0.0425151160078491 0.01302496553064841 0.26643555203448427 0.01441666906148743 0.01807039988647472 0.1679029198226853 
0.2790542800680474 0.06164492393145822 0.009293619079284639 0.016707899473831517 0.41692305997589885 0.01287937757600176 0.02157974602322515 0.1819170938722526 
0.05955901283271842 0.10249510111327854 0.03762639853507564 0.0025025798539255874 0.6268379846504131 0.027043982383267023 0.059614836898828044 0.0843201037324938 
0.3073403141137497 0.09012797679864895 0.00904670802514237 0.00225344395425186 0.47585810463925815 0.00497124577602568 0.019347567804997644 0.09105463888792552 
0.06462270419374137 0.6142591072637301 0.059981532239693436 0.016577665339977517 0.06615093745758933 0.005727595129628139 0.08589005964039292 0.0867903987352472 
0.13923707708049382 0.058838185885752015 0.0013177301788211745 0.09205438627375745 0.552666973533002 0.02102395183477035 0.033045023892030574 0.10181667132137269 
0.05160605070352426 0.2157987573201311 0.05679943511693119 0.017011690652822733 0.5440195545182762 0.04079266157295406 0.027512032183389067 0.04645981793197125 
0.0023465967025730963 0.006903851261598627 0.0014199719852825876 0.003237335381060625 0.9653724176893255 0.0029914890726268923 0.010552269179629384 0.007176068727903643 
0.07512239757278238 0.032368182353291336 0.0032230082435639024 0.0018058404125418698 0.6849021104843783 0.0028234013749838882 0.05403365629306513 0.1457214032653934 
0.07972425403980295 0.0719414193933028 0.010893607459915328 0.06525469569077097 0.6224785982477442 0.011388949434131284 0.028428714222897597 0.109889761511435 
0.03237328236108832 0.2900556737595682 0.02056054676311208 0.007991621299903181 0.47871351901452525 0.0120367325057933 0.020084935864724037 0.13818368843128553 
0.030730508522668388 0.01539793155722411 0.001803197709188475 0.046276658883665285 0.7807410810144437 0.07604215902480006 0.024476588859277146 0.024531874428733037 
0.017430275031377306 0.00360617252343971 3.458761226946118E-4 0.07757759236949974 0.6804452439786836 0.12887570263168202 0.015212232105466982 0.07650690523715567 
0.033274610859971 0.02268113421797252 0.02772038437929755 0.12035774608982387 0.5080019863184388 0.1938896355809322 0.05054238963737284 0.04353211291619096 
0.04187504092178593 0.002770931313751964 4.913856517465889E-5 0.04431894649036656 0.8453461825866386 0.040877032851369226 0.006643343158682289 0.018119384112230887 
0.021814536074992594 5.2956839826339174E-6 1.328653354386861E-8 0.047172603518407595 0.5007074190659899 0.35656958297465946 0.016189921441400534 0.05754062795403364 
0.01093107455771066 0.022193284339158 5.478006841648989E-4 0.06679214882434446 0.7743939798380828 0.10586912115592348 0.010182112173268035 0.009090478427347587 
0.008022078651728333 0.012865871550656056 2.035027353037732E-4 0.024199257149194256 0.8477764326919501 0.06092449187020245 0.037538364202339906 0.008470001148625086 
0.012421110974245274 0.12100794185170423 0.00781335795884106 0.07798934835456844 0.6390439390810555 0.024544034533814207 0.015758880681893333 0.10142138656387797 
0.621728666968125 0.004176142317047797 0.03216807110058842 0.009580514683204713 0.22377759420667648 0.04654484379524259 0.038771181904149785 0.02325298502496512 
0.02078704471489525 0.0021978008845911935 0.004566816499670277 0.1380615566074802 0.6685985179191782 0.10045731027155694 8.163321481186013E-4 0.06451462095450929 
0.026915096330766674 0.06634127582751075 0.0038882592446886927 0.06550670872339898 0.6664171384656259 0.08871270513076514 0.03631368503281189 0.04590513124443209 
0.22781315339984004 0.018775801884295343 0.002028683651046808 0.04621989909678227 0.21715298007844966 0.4084996536067618 0.014813333338433366 0.06469649494439048 
0.017579068597377945 0.04232084991300213 3.4231472934802184E-4 0.1143648356395003 0.7234561855343167 0.0354967363597237 0.033800949098433036 0.032639060128298245 
0.031137362971008754 0.003643997793842318 0.002256555354579428 0.03758897318168355 0.2222816661264143 0.613361055515998 0.025518958430590374 0.06421143062588346 
0.02034740198239047 0.003480532851551224 0.004840189742996374 0.12477100389246515 0.4237181507782324 0.40515797627847633 0.003286636320294222 0.014398108153593712 
0.14107163518079713 0.03522894982140841 0.19836641880776792 0.015157236895710231 0.5265081387189624 0.06418418605308325 0.0014481421981992549 0.018035292324071483 
0.07006961331888785 0.003478034844027068 0.009884108078517733 0.06693296906492296 0.5087517975434398 0.2646982484654031 0.04327960336330462 0.03290562532149704 
0.0740637827679615 0.010133423103989361 1.7828302372767773E-4 0.05651338812063517 0.6447006910827914 0.13588186109782063 0.024027100869123578 0.05450146993395105 
0.056710523195678084 5.509590100928966E-4 4.009709440296316E-6 0.050796732007528864 0.2394403265062585 0.6228412698459578 0.003964090271251793 0.025692089453791873 
0.037076374773894284 0.01663304351997421 8.883929849778815E-4 0.21791126730355243 0.2975579060136151 0.3395164497236803 0.04437303621741366 0.04604352946289185 
0.004352253982211731 1.6068306529489946E-4 6.167921210184077E-6 0.017312030381763915 0.9379240372126436 0.02258560653633711 0.004451344570031155 0.013207876330507497 
0.024999586375203314 0.026650735859107814 0.002054772099773006 0.06824768515895993 0.677768397135945 0.09144267862070846 0.020871920339058336 0.0879642244112443 
0.10566660516119827 0.03657576688054544 5.652455886576865E-4 0.1514406463049818 0.37321111022369907 0.22616397622849488 0.0025463254136773635 0.10383032419874548 
0.07476483735174626 0.01286413870449158 4.7957643948475455E-6 0.0657324266197221 0.7034914396416148 0.07617706264488842 0.0059890620719549184 0.060976237201186834 
0.09756531489772514 0.001611963515501103 0.004782888264782188 0.18663890262888316 0.3713246091968681 0.2904897697345877 0.017633234423641394 0.029953317338011213 
0.025555283105454196 0.0057119155706125855 0.006445786224885702 0.05557290360257438 0.7884438685201846 0.09369003931620122 0.001245069612686493 0.023335134047400775 
0.007905479418375579 0.07701119599397535 1.396530979435333E-4 0.1823303326325491 0.5548338888862941 0.06435783333091646 0.015795200983456787 0.09762641565648912 
0.02137933163086327 0.010872039563688669 0.009246023696767065 0.05536138927814467 0.65775525392768 0.2187393015266993 0.014196470866822599 0.012450189509334568 
0.049190901555303604 0.10666413288194444 0.01123562946465072 0.08593873975202608 0.49676778125411203 0.12907579466694447 0.04506860531089013 0.07605841511412847 
0.04851701128854475 0.07781509939134978 0.044743649469506014 0.12465389131993557 0.3653840873936078 0.2506519555605678 0.010606026313688482 0.07762827926279979 
0.12784019643866812 0.006103927581209605 0.06573264174555676 0.00579911502819436 0.7836739170177275 0.0013447834519618362 0.0025077421780302935 0.006997676558651443 
0.022232160363378894 0.021885538522309473 2.7887829945395565E-4 0.012288753503765758 0.8085177729827573 0.001650973473573983 0.0053755577324437545 0.1277703651223169 
0.03876064690300982 0.024452648846381424 0.0019645539219167543 0.03495788265242251 0.7417976298835862 0.010838570007230545 0.021684253234732203 0.1255438145507203 
0.32704095005599904 0.0036160705524158005 0.04683682839819883 0.0014869044323060157 0.3989247819528748 0.013614640159746253 0.058516000685942336 0.14996382376251693 
